0 0.774935 0.866412 0.0179367 0.0435282 0.437175 1
0 0.411539 0.63214 0.0160789 0.0381205 0.562826 6
0 0.610138 0.536698 0.045776 0.0638641 0.503312 13
0 0.623469 0.907059 0.0230978 0.0563313 0.403001 18
0 0.809812 0.664685 0.016386 0.0425531 0.580725 60
0 0.72263 0.757145 0.101272 0.148607 0.819214 63
0 0.851175 0.613258 0.0507453 0.0899076 0.680924 80
0 0.638204 0.75211 0.039419 0.0808204 0.357304 95
0 0.369886 0.0756151 0.075865 0.103388 0.766028 98
0 0.562754 0.773751 0.0222572 0.0447467 0.665379 102
0 0.915242 0.904804 0.0161432 0.0367593 0.718259 163
0 0.966711 0.771657 0.0642636 0.0969302 0.553924 185
0 0.345588 0.600774 0.0735653 0.129509 0.745743 189
0 0.80935 0.596649 0.0372057 0.0702789 0.585487 260
0 0.629823 0.179516 0.0951443 0.153276 0.82877 274
0 0.570042 0.645774 0.0233588 0.0532055 0.574677 299
0 0.857955 0.527204 0.0205246 0.0548209 0.666813 312
0 0.324187 0.342642 0.0618641 0.14489 0.651362 329
0 0.396354 0.34238 0.0587036 0.110068 0.695162 337
0 0.599201 0.789092 0.0211571 0.0448206 0.671961 370
0 0.452933 0.684611 0.0203383 0.0337995 0.562208 380
0 0.713112 0.17979 0.0504143 0.090601 0.549679 386
0 0.45008 0.733788 0.019789 0.0509365 0.690022 54
0 0.509479 0.720806 0.0735164 0.156637 0.74491 3
0 0.676367 0.478749 0.0228287 0.0649422 0.656201 101
0 0.58496 0.600008 0.0179518 0.0430911 0.715361 448
0 0.572723 0.716493 0.0244996 0.0513238 0.48097 455
0 0.713826 0.451966 0.0191781 0.0490398 0.654299 456
0 0.382435 0.703993 0.0772089 0.0975183 0.715258 465
0 0.106597 0.597439 0.0422924 0.0759479 0.348791 480
0 0.534988 0.797042 0.0188883 0.0464166 0.793119 140
0 0.735363 0.590688 0.0696227 0.107932 0.778568 92
0 0.549296 0.858108 0.0191048 0.0460862 0.483999 139
0 0.440982 0.299931 0.020077 0.0502587 0.765551 514
0 0.794571 0.462782 0.0171857 0.0430779 0.720585 521
0 0.625776 0.647349 0.0561213 0.120614 0.609493 523
0 0.534408 0.277796 0.0849301 0.160015 0.770553 31
0 0.754178 0.464659 0.03494 0.0648656 0.404296 269
0 0.435436 0.494939 0.0737769 0.193692 0.806156 562
0 0.567907 0.352036 0.0585671 0.100982 0.631448 563
0 0.683726 0.590241 0.0160936 0.0332391 0.624792 582
0 0.947938 0.589113 0.0989843 0.157889 0.828147 594
0 0.585109 0.410382 0.0229169 0.0539957 0.611781 225
0 0.822164 0.422158 0.0214776 0.0601483 0.649064 272
0 0.473007 0.597627 0.0185535 0.049333 0.758659 600
0 0.79215 0.406371 0.0167271 0.0419078 0.692982 601
0 0.497845 0.484687 0.023141 0.0469093 0.592711 603
0 0.202915 0.281508 0.101288 0.218292 0.786263 604
0 0.886053 0.438425 0.0159161 0.0352379 0.772651 620
0 0.253426 0.496029 0.0213107 0.0541491 0.496631 624
0 0.479675 0.195105 0.0569459 0.113615 0.690728 625
0 0.487017 0.428313 0.0173066 0.0581257 0.531987 627
0 0.170317 0.632893 0.059596 0.121253 0.606382 628
0 0.433681 0.247853 0.0173283 0.0443811 0.715947 630
0 0.544004 0.471304 0.0487427 0.094944 0.545259 14
0 0.830638 0.311376 0.0982356 0.122261 0.811492 249
0 0.895532 0.479483 0.0200207 0.0481065 0.689857 656
0 0.140852 0.466774 0.0180784 0.0552589 0.724401 670
0 0.219079 0.551439 0.0367307 0.0771086 0.396089 673
0 0.887236 0.530818 0.0160184 0.0431911 0.726327 674
0 0.0910042 0.521722 0.0384953 0.0707139 0.503919 675
0 0.508926 0.435377 0.019901 0.0357468 0.570511 682
0 0.148944 0.540734 0.0474453 0.0931354 0.714 687
0 0.360858 0.168363 0.0520782 0.0897096 0.442244 692
0 0.506214 0.556983 0.0244842 0.0774491 0.427182 700
0 0.227674 0.734713 0.014321 0.05258 0.660762 221
0 0.819391 0.510547 0.026816 0.0611423 0.407553 219
0 0.280973 0.646866 0.0471398 0.0894035 0.497719 476
0 0.381663 0.236588 0.0140187 0.0360947 0.718098 704
0 0.28992 0.237573 0.0171692 0.0441503 0.779741 709
0 0.568048 0.161109 0.0177719 0.0438858 0.671575 710
0 0.426812 0.198514 0.0184568 0.0450991 0.641166 711
0 0.366758 0.271269 0.0161256 0.0385864 0.734391 712
0 0.311111 0.179164 0.0372624 0.0885577 0.414894 713
0 0.234446 0.406588 0.0283114 0.053404 0.506119 715
0 0.520222 0.379878 0.0145029 0.0308488 0.612142 716
0 0.526726 0.164846 0.0166185 0.0430016 0.642439 717
0 0.692016 0.655798 0.0160501 0.0308006 0.532168 718
0 0.205132 0.460752 0.022476 0.060257 0.533287 729
0 0.407305 0.423607 0.0147068 0.0381356 0.660214 732
0 0.269688 0.55763 0.0247458 0.0693986 0.499923 733
0 0.229795 0.622918 0.0186934 0.0492793 0.735105 765
0 0.877095 0.338577 0.0155623 0.033686 0.588283 369
0 0.356623 0.473426 0.0626695 0.110915 0.629393 775
0 0.919007 0.496315 0.0198832 0.0414805 0.561795 780
0 0.895543 0.656924 0.0206731 0.0477407 0.634086 785
0 0.187403 0.754215 0.0225471 0.0835265 0.62629 786
0 0.61387 0.837918 0.0222448 0.0579301 0.69454 789
0 0.535107 0.945624 0.0166428 0.0423592 0.665721 800
0 0.460224 0.347268 0.0270856 0.0578701 0.380318 805
0 0.647543 0.299783 0.0660788 0.107964 0.662836 806
0 0.949198 0.342587 0.0960977 0.205459 0.805646 811
0 0.187801 0.53834 0.0141467 0.0470001 0.581175 819
0 0.744739 0.386957 0.0434046 0.0716591 0.42248 302
0 0.929302 0.677356 0.0133086 0.0380503 0.704778 72
0 0.875518 0.714022 0.0302576 0.0738209 0.471215 467
0 0.561152 0.883846 0.015186 0.0281325 0.397551 105
0 0.390992 0.630292 0.0162576 0.033192 0.66946 477
0 0.285379 0.410733 0.0136779 0.0349002 0.492156 327
0 0.787502 0.555741 0.0147832 0.0403108 0.696175 228
0 0.759719 0.315253 0.0199094 0.0531056 0.6378 824
0 0.618602 0.403357 0.0175497 0.0343933 0.775878 827
0 0.812771 0.202462 0.0337187 0.0691672 0.402252 828
0 0.110944 0.344204 0.0640526 0.0993197 0.647123 829
0 0.435112 0.639922 0.0172054 0.0461846 0.559117 832
0 0.296889 0.451674 0.0232901 0.0577042 0.6686 833
0 0.836675 0.571576 0.0138123 0.028843 0.552437 840
0 0.684326 0.364844 0.0418766 0.0837873 0.525935 847
0 0.164756 0.468982 0.013558 0.0362007 0.338064 850
0 0.285097 0.506126 0.0164249 0.0385597 0.645122 852
0 0.45887 0.638758 0.027398 0.0456307 0.479038 855
0 0.866521 0.392719 0.045858 0.0847019 0.426058 861
0 0.957284 0.858313 0.0155883 0.0383181 0.605442 234
0 0.887477 0.202297 0.0254264 0.0583645 0.580608 865
0 0.604733 0.465503 0.0205222 0.0472316 0.748402 867
0 0.703217 0.532436 0.0327551 0.0706502 0.570194 868
0 0.57731 0.501324 0.0162088 0.0367275 0.680625 869
0 0.512487 0.118899 0.0183955 0.0547275 0.58577 870
0 0.726632 0.108301 0.0142017 0.0395033 0.669807 871
0 0.704075 0.10114 0.0193784 0.0471663 0.71295 873
0 0.676252 0.228065 0.0181396 0.0443853 0.73846 874
0 0.449745 0.0772957 0.0924427 0.145498 0.835938 875
0 0.554036 0.108844 0.026005 0.0692634 0.55617 877
0 0.851286 0.217811 0.0146842 0.0425497 0.624531 879
0 0.735745 0.243929 0.0383059 0.0687709 0.551822 886
0 0.659216 0.440659 0.0157454 0.0375171 0.726672 888
0 0.636761 0.433015 0.0184739 0.0373249 0.70859 901
0 0.287134 0.153708 0.0128024 0.034576 0.308863 902
0 0.938375 0.89865 0.0140247 0.0343439 0.439897 905
0 0.305964 0.494309 0.0133667 0.0301387 0.517892 907
0 0.749076 0.152252 0.0150475 0.0385064 0.690965 909
0 0.72669 0.320338 0.016608 0.0247064 0.5345 917
0 0.772523 0.508968 0.0135823 0.0378998 0.533298 648
0 0.353541 0.394671 0.0131486 0.042164 0.708956 744
0 0.72972 0.352753 0.0156744 0.0262088 0.525932 943
0 0.400368 0.241529 0.0159448 0.0363386 0.514503 725
0 0.738124 0.851879 0.0206019 0.0453139 0.711989 84
0 0.512516 0.069679 0.0141102 0.0347721 0.588894 945
0 0.976902 0.476178 0.0164272 0.0399199 0.567651 946
0 0.676142 0.626155 0.018231 0.0244888 0.444583 948
0 0.701349 0.416257 0.0158401 0.0365165 0.620124 950
0 0.676792 0.67752 0.0218227 0.0462516 0.624665 59
0 0.239852 0.667194 0.0159579 0.0400266 0.602566 681
0 0.53188 0.414959 0.0142622 0.0332902 0.692937 768
0 0.265023 0.164335 0.0144478 0.0395387 0.734904 965
0 0.5676 0.0641395 0.0138368 0.0301157 0.396293 968
0 0.0640823 0.567262 0.0155966 0.0482497 0.551305 972
0 0.222287 0.491118 0.0135136 0.0315377 0.466944 973
0 0.160056 0.423993 0.0147395 0.041154 0.664382 790
0 0.904309 0.245999 0.0136497 0.0380339 0.690958 906
0 0.282326 0.0888737 0.0577677 0.0982156 0.77158 988
0 0.311287 0.770968 0.0166451 0.053462 0.595865 990
0 0.610684 0.059541 0.0338476 0.0803774 0.419505 994
0 0.635217 0.485099 0.0181292 0.048642 0.636479 1001
0 0.745586 0.105256 0.0117146 0.0316399 0.458839 1002
0 0.394449 0.59577 0.0110351 0.0243768 0.47161 1005
0 0.347759 0.24208 0.0239614 0.0491798 0.493565 1008
0 0.825759 0.0792264 0.0838314 0.140121 0.688921 174
0 0.318547 0.816049 0.0161273 0.0463674 0.490266 758
0 0.766143 0.415009 0.013472 0.0247148 0.440058 884
0 0.281316 0.712533 0.0200412 0.0497563 0.642791 1016
0 0.0585521 0.473028 0.0155599 0.0529561 0.539145 1019
0 0.0760737 0.472675 0.014563 0.0433716 0.543468 1020
0 0.181935 0.424493 0.0135526 0.0371313 0.607016 1025
0 0.138256 0.205276 0.0199066 0.0529002 0.676979 1027
0 0.864418 0.143587 0.0682304 0.0785593 0.50033 1032
0 0.234051 0.458783 0.0132399 0.033322 0.503552 1040
0 0.737668 0.060137 0.0377967 0.0536759 0.51627 1041
0 0.730774 0.514916 0.0129216 0.0295298 0.454374 1045
0 0.240379 0.369894 0.0140549 0.0294955 0.35625 837
0 0.84341 0.601108 0.0154897 0.0384505 0.709598 23
0 0.441998 0.795394 0.0225052 0.0630017 0.743569 89
0 0.574703 0.863996 0.0178708 0.0379502 0.592425 127
0 0.478971 0.860439 0.0151446 0.0431594 0.65309 482
0 0.64456 0.881458 0.0204082 0.0407639 0.580163 300
0 0.580797 0.95473 0.0161491 0.03859 0.546889 836
0 0.550859 0.921275 0.0167764 0.0357431 0.658132 113
0 0.865 0.476036 0.0110406 0.0340322 0.316698 44
0 0.406594 0.787848 0.0219815 0.0616822 0.511335 114
0 0.546227 0.57246 0.0498773 0.0858592 0.337307 27
0 0.990356 0.441772 0.0158257 0.0400546 0.557473 156
