0 0.83469 0.755761 0.0545507 0.0969097 0.619827 80
0 0.600454 0.366677 0.100087 0.16835 0.840269 274
0 0.830716 0.685929 0.0272528 0.0515042 0.320681 312
0 0.300565 0.676838 0.0280499 0.0782968 0.404171 329
0 0.689272 0.345441 0.0481289 0.111482 0.50097 386
0 0.637242 0.661915 0.0218033 0.0596628 0.311826 101
0 0.675375 0.671201 0.0223785 0.0481627 0.639572 456
0 0.402865 0.583015 0.0224891 0.0596066 0.702636 514
0 0.477847 0.589176 0.103883 0.16654 0.772244 31
0 0.728492 0.65333 0.050263 0.0716631 0.41411 269
0 0.507386 0.661007 0.0585295 0.0965501 0.499352 563
0 0.937663 0.737562 0.118551 0.160272 0.819872 594
0 0.536373 0.700105 0.0195556 0.0507531 0.544306 225
0 0.787017 0.584978 0.0202385 0.0603158 0.569154 272
0 0.758773 0.578651 0.017793 0.043936 0.687239 601
0 0.153594 0.592789 0.11774 0.211572 0.78633 604
0 0.861055 0.594847 0.018652 0.0484859 0.773377 620
0 0.458465 0.447137 0.0647734 0.110719 0.753837 625
0 0.393 0.535513 0.0181107 0.0385175 0.519603 630
0 0.493768 0.774554 0.0536683 0.112686 0.609204 14
0 0.794101 0.476041 0.0976855 0.142807 0.82547 249
0 0.87272 0.644984 0.0202877 0.052799 0.457177 656
0 0.858121 0.695092 0.011761 0.031724 0.368209 674
0 0.33465 0.424543 0.0590614 0.105597 0.660803 692
0 0.780942 0.676608 0.051157 0.0864232 0.480218 219
0 0.352411 0.498902 0.0191404 0.0414343 0.703592 704
0 0.537042 0.347385 0.0197824 0.0446059 0.640058 710
0 0.397006 0.485554 0.0220034 0.0518198 0.537176 711
0 0.203055 0.769311 0.0230976 0.0638263 0.589559 715
0 0.509514 0.387014 0.0212452 0.0487488 0.595073 717
0 0.846001 0.491315 0.016473 0.0348134 0.584473 369
0 0.899943 0.627682 0.0157008 0.0431488 0.667661 780
0 0.620996 0.497521 0.0845911 0.119458 0.576791 806
0 0.931675 0.475402 0.123176 0.226381 0.844471 811
0 0.709123 0.573111 0.0432146 0.0928453 0.564783 302
0 0.850024 0.871127 0.0145106 0.0401067 0.61228 467
0 0.723391 0.488286 0.0215971 0.0573214 0.538706 824
0 0.570546 0.646927 0.021021 0.0397544 0.374761 827
0 0.79317 0.325711 0.026941 0.0714679 0.40772 828
0 0.244175 0.834207 0.0200594 0.0578834 0.624675 833
0 0.647969 0.575397 0.0508756 0.0919162 0.58364 847
0 0.82909 0.548526 0.0536395 0.101068 0.496967 861
0 0.859453 0.334926 0.0443149 0.087884 0.441185 865
0 0.648454 0.735543 0.0226894 0.0566879 0.335102 868
0 0.484157 0.35109 0.0196461 0.0411593 0.707987 870
0 0.677459 0.26088 0.0209499 0.0518255 0.755757 873
0 0.658668 0.409222 0.0172711 0.0484663 0.72508 874
0 0.423423 0.301639 0.0916426 0.189893 0.803137 875
0 0.524592 0.283384 0.0341621 0.0604163 0.373435 877
0 0.816463 0.35548 0.0166753 0.0452226 0.54717 879
0 0.709151 0.40727 0.0461885 0.0925193 0.644922 886
0 0.610444 0.640348 0.0154781 0.0303086 0.702585 888
0 0.576614 0.688829 0.0244537 0.0539981 0.544603 901
0 0.264667 0.39471 0.0194115 0.0502695 0.749063 902
0 0.727341 0.296301 0.0188001 0.0417936 0.720019 909
0 0.68787 0.505082 0.0182419 0.0309864 0.610503 917
0 0.741482 0.704616 0.0129083 0.0359768 0.674142 648
0 0.694696 0.536846 0.0165031 0.0294778 0.535167 943
0 0.365656 0.528978 0.0165749 0.0366936 0.683249 725
0 0.485153 0.286556 0.0148671 0.0341166 0.685702 945
0 0.666188 0.627441 0.0182298 0.0387657 0.749912 950
0 0.474441 0.728192 0.0143734 0.0369803 0.515948 768
0 0.543529 0.236421 0.0182983 0.0369107 0.567884 968
0 0.861631 0.404356 0.0138067 0.0384361 0.566064 906
0 0.253887 0.324216 0.0578621 0.0927958 0.687209 988
0 0.585534 0.235332 0.0236132 0.0648831 0.454779 994
0 0.722596 0.251536 0.0149515 0.0302843 0.654044 1002
0 0.800476 0.173961 0.107211 0.218915 0.843344 174
0 0.0866014 0.512347 0.0684922 0.20769 0.565002 1027
0 0.845445 0.251517 0.0679729 0.0994248 0.430093 1032
0 0.49747 0.215924 0.0289693 0.0702772 0.584903 1049
0 0.171382 0.395227 0.0203661 0.0523565 0.797322 1056
0 0.558316 0.306153 0.0178711 0.0448433 0.732341 1057
0 0.81281 0.623453 0.0162576 0.0398437 0.645143 1064
0 0.916797 0.266406 0.0328152 0.073301 0.495881 1065
0 0.187224 0.340191 0.0167467 0.0466681 0.67175 1066
0 0.956144 0.578076 0.0160242 0.0409383 0.388705 1068
0 0.209408 0.246713 0.0682777 0.120436 0.782775 1087
0 0.152584 0.340853 0.0188995 0.0513859 0.694386 1119
0 0.667008 0.161543 0.0327824 0.0614851 0.629536 1122
0 0.476226 0.0197381 0.0594288 0.0394762 0.602 480
0 0.471827 0.168276 0.0184943 0.0479022 0.703016 1143
0 0.741269 0.0916191 0.0233362 0.0635738 0.52146 1153
0 0.630089 0.116741 0.0192233 0.0509168 0.680109 1161
0 0.597867 0.183964 0.0273132 0.0661158 0.531801 1186
0 0.326338 0.209436 0.12225 0.228963 0.783485 1195
0 0.673247 0.0944126 0.0195958 0.050435 0.759416 1198
0 0.32362 0.384604 0.0153782 0.0379322 0.78099 1202
0 0.12006 0.364851 0.021194 0.0598507 0.529775 1203
0 0.752389 0.403018 0.016857 0.0454 0.617585 1204
0 0.886927 0.183018 0.013729 0.0385056 0.610576 1205
0 0.308882 0.388958 0.0168798 0.0340973 0.649198 830
0 0.733565 0.76952 0.0221385 0.0556166 0.463251 1215
0 0.162427 0.265445 0.0168372 0.0532163 0.697067 1221
0 0.736358 0.596343 0.018536 0.0307853 0.436797 884
0 0.991011 0.630597 0.0171352 0.055226 0.665847 1239
0 0.536685 0.0674395 0.0546063 0.0882658 0.612768 1247
0 0.562306 0.119171 0.074061 0.095571 0.782722 93
0 0.689335 0.76304 0.0145097 0.0359913 0.508774 1045
0 0.770901 0.0853294 0.0149833 0.0374415 0.631562 1254
0 0.235273 0.125336 0.0851938 0.110079 0.782166 1255
0 0.570946 0.586607 0.0302303 0.0640785 0.553544 1256
0 0.620407 0.0366432 0.0684291 0.0681434 0.726833 1258
0 0.389286 0.111726 0.0172849 0.04407 0.649513 1264
0 0.4134 0.0814202 0.0203575 0.0437472 0.61395 1267
0 0.761202 0.764692 0.0163628 0.0307313 0.612593 60
0 0.725296 0.0479205 0.014014 0.0339082 0.355121 1285
0 0.752385 0.047966 0.0134863 0.0307825 0.692165 1287
0 0.71558 0.0867441 0.018911 0.0416997 0.478949 1293
0 0.696299 0.473304 0.0138593 0.0284515 0.720506 1296
0 0.559359 0.853931 0.0174242 0.0493827 0.583144 13
0 0.89396 0.878506 0.0206263 0.0464533 0.69995 1300
0 0.759523 0.805732 0.0130141 0.0298129 0.400436 1301
0 0.430567 0.124203 0.0415137 0.0701718 0.594805 1304
0 0.517246 0.339193 0.0117891 0.0317424 0.3009 1308
0 0.477177 0.0912318 0.0334399 0.0712386 0.489811 1312
0 0.787159 0.737369 0.0199346 0.0425817 0.605163 999
0 0.754929 0.733688 0.0131044 0.0285473 0.573553 228
0 0.52899 0.442164 0.0208659 0.0595932 0.343603 1220
0 0.905416 0.929013 0.014892 0.0374372 0.695296 1316
0 0.722299 0.715464 0.0166067 0.0462119 0.651694 1317
0 0.575459 0.784678 0.0195366 0.0540252 0.696734 1318
0 0.877999 0.861936 0.0149144 0.0334588 0.620947 1320
0 0.949168 0.889726 0.0137836 0.0373364 0.642359 1325
0 0.133532 0.291361 0.0188244 0.0560703 0.674738 1328
0 0.58546 0.0645717 0.0149235 0.0377549 0.699863 1334
0 0.606318 0.208566 0.0193529 0.0314677 0.33923 1336
0 0.0997764 0.736198 0.0202287 0.0678489 0.554534 790
0 0.382111 0.292688 0.0179122 0.0495264 0.743224 1226
0 0.700359 0.0307542 0.0581126 0.0544014 0.741081 1345
0 0.435779 0.0436278 0.0178543 0.0415299 0.474189 1346
0 0.554788 0.205186 0.0124566 0.0281691 0.606648 1348
0 0.0725754 0.372181 0.0171769 0.0508139 0.719078 1352
0 0.603592 0.673414 0.0111983 0.0277692 0.444806 1354
0 0.868397 0.154285 0.0141113 0.0331927 0.699099 1357
0 0.496426 0.151542 0.0117231 0.0320403 0.571379 1359
0 0.680535 0.459397 0.0113616 0.033046 0.515742 1367
0 0.399253 0.705566 0.0206638 0.052578 0.631784 562
0 0.30775 0.76377 0.0143954 0.0433782 0.33209 732
0 0.233972 0.413981 0.0198266 0.0588036 0.675024 965
0 0.816679 0.839261 0.0180712 0.0420052 0.593608 1132
0 0.63397 0.824155 0.0198751 0.0642574 0.618334 1371
0 0.24489 0.527835 0.0270087 0.0559793 0.654255 1372
0 0.394571 0.773799 0.0213307 0.0666645 0.659855 1374
0 0.40916 0.203023 0.014773 0.0412067 0.755247 1375
0 0.422899 0.78736 0.0205086 0.0574764 0.717955 1377
0 0.78604 0.783847 0.0177515 0.0345088 0.642496 1378
0 0.288025 0.622208 0.023704 0.0517806 0.619687 1380
0 0.25097 0.674145 0.0251298 0.0667083 0.71397 1381
0 0.333554 0.0323879 0.0166809 0.0416153 0.75345 1393
0 0.689514 0.801285 0.0112679 0.0284791 0.438605 1397
0 0.616029 0.247602 0.0133311 0.0344766 0.552655 1402
0 0.634735 0.242564 0.0144624 0.0330737 0.499551 1406
0 0.743415 0.562693 0.0106952 0.0224283 0.411322 1412
0 0.294355 0.837597 0.0358191 0.0971183 0.409223 760
0 0.344922 0.668253 0.0224452 0.0548578 0.614767 919
0 0.840936 0.633692 0.0115005 0.029669 0.314437 1074
0 0.306006 0.545629 0.0185301 0.0513265 0.315677 887
0 0.709286 0.762644 0.0124632 0.0348072 0.549836 1234
0 0.537846 0.868833 0.020626 0.0619414 0.400096 448
0 0.679458 0.84162 0.0159942 0.0415075 0.758797 92
0 0.553601 0.917536 0.0236362 0.0621904 0.510916 299
0 0.361797 0.751011 0.0218567 0.0547986 0.61529 775
0 0.674241 0.885111 0.0174952 0.0525559 0.714138 948
0 0.255354 0.802783 0.0153385 0.0412229 0.412823 1089
0 0.217515 0.66533 0.0174625 0.0598428 0.534854 837
0 0.634799 0.924596 0.0163707 0.0426303 0.695265 582
0 0.611241 0.778608 0.0161109 0.0486993 0.644837 1138
0 0.373449 0.637827 0.0153028 0.0368319 0.606663 337
0 0.994096 0.526386 0.0111292 0.0420976 0.426987 1311
0 0.286928 0.717423 0.0450389 0.107593 0.389826 744
