0 0.848311 0.546659 0.124596 0.172462 0.841033 1
0 0.268963 0.269904 0.0739637 0.0962388 0.751881 2
0 0.414131 0.759085 0.0680878 0.187654 0.503174 4
0 0.956892 0.549947 0.0783536 0.200483 0.778806 5
0 0.458204 0.164061 0.0748611 0.14143 0.785845 6
0 0.728227 0.451996 0.017341 0.0521872 0.6416 7
0 0.364799 0.271645 0.0749799 0.126501 0.773535 8
0 0.450644 0.387106 0.0221881 0.0660281 0.492946 9
0 0.732788 0.184258 0.0781095 0.140968 0.702531 13
0 0.63395 0.20691 0.0208461 0.063431 0.675429 14
0 0.586354 0.419286 0.0890695 0.147487 0.75708 16
0 0.317999 0.373618 0.0184929 0.058746 0.666337 17
0 0.740582 0.384855 0.021231 0.0603442 0.70973 18
0 0.768262 0.419707 0.022148 0.0605121 0.656323 21
0 0.390828 0.0308635 0.0779777 0.0617269 0.791524 22
0 0.952542 0.689217 0.026156 0.0533486 0.635866 23
0 0.939091 0.776563 0.017212 0.0433662 0.662706 26
0 0.665914 0.147572 0.0190842 0.0548593 0.793295 27
0 0.353071 0.370032 0.0154518 0.0584343 0.674387 28
0 0.687608 0.430719 0.0254671 0.0692047 0.571052 29
0 0.612284 0.632815 0.064404 0.23863 0.41569 30
0 0.586318 0.0955698 0.159669 0.168674 0.797929 31
0 0.877106 0.767188 0.0214214 0.0552166 0.725702 32
0 0.239572 0.36102 0.0231015 0.0760045 0.57489 33
0 0.154351 0.648874 0.0272444 0.0746446 0.460951 36
0 0.314619 0.676942 0.0168744 0.0482944 0.477515 37
0 0.258291 0.453863 0.0574306 0.105937 0.609602 38
0 0.901136 0.802582 0.018657 0.0468814 0.731122 40
0 0.38264 0.441258 0.0235794 0.0838563 0.591937 44
0 0.772982 0.516705 0.0198984 0.0519823 0.535995 45
0 0.941059 0.427584 0.019113 0.0444868 0.682606 47
0 0.527408 0.488355 0.0167958 0.052205 0.524985 48
0 0.510855 0.38737 0.0241511 0.0631462 0.613325 50
0 0.770078 0.926259 0.022967 0.0740464 0.618037 51
0 0.717318 0.616826 0.0533694 0.140997 0.393296 56
0 0.782044 0.320122 0.0494204 0.0797626 0.610271 59
0 0.919742 0.367998 0.0250365 0.0637268 0.62402 60
0 0.84879 0.358881 0.104005 0.152538 0.835643 63
0 0.213761 0.466345 0.0188604 0.0673449 0.506845 64
0 0.323463 0.747537 0.0186367 0.0526392 0.556459 67
0 0.36611 0.140895 0.0246442 0.0753723 0.659802 68
0 0.761746 0.833375 0.0188602 0.0543833 0.604618 69
0 0.97665 0.418868 0.0129061 0.0394507 0.514998 72
0 0.768401 0.0895977 0.014486 0.0426725 0.587363 76
0 0.304906 0.325626 0.0188156 0.0559097 0.585748 77
0 0.811788 0.73867 0.0374705 0.092685 0.490618 78
0 0.185665 0.759666 0.032384 0.107764 0.36583 79
0 0.943255 0.274956 0.0532038 0.0896274 0.564681 80
0 0.443247 0.305076 0.0204562 0.0720581 0.73662 83
0 0.367332 0.70036 0.0177558 0.0379192 0.317628 91
0 0.844685 0.22021 0.0424303 0.0788041 0.407649 92
0 0.7177 0.302972 0.0280827 0.0713238 0.500796 95
0 0.839701 0.659699 0.0181534 0.0537147 0.720988 96
0 0.926859 0.881463 0.0200261 0.0583501 0.61967 97
0 0.528605 0.269381 0.100338 0.148081 0.755589 98
0 0.697475 0.101173 0.0143558 0.0393974 0.716752 101
0 0.680459 0.351874 0.0148462 0.0366942 0.542505 102
0 0.264222 0.752478 0.0447852 0.116579 0.52827 103
0 0.618526 0.599177 0.0343412 0.135403 0.303824 108
0 0.445637 0.519473 0.0882552 0.170513 0.630697 109
0 0.510338 0.561166 0.0239696 0.0719742 0.559689 111
0 0.209858 0.625228 0.0345691 0.085197 0.518921 112
0 0.487744 0.786869 0.0244172 0.0743605 0.409004 119
0 0.774531 0.24461 0.0423213 0.0816158 0.558672 121
0 0.726538 0.764817 0.0233921 0.0789315 0.574499 123
0 0.205853 0.154661 0.0841674 0.119938 0.734154 128
0 0.597071 0.827355 0.0215075 0.0708638 0.586706 129
0 0.671748 0.308733 0.0304646 0.0764877 0.394599 139
0 0.628192 0.320466 0.0187494 0.0651593 0.438938 140
0 0.768699 0.685261 0.0520118 0.0932899 0.37813 149
0 0.915549 0.72487 0.0208863 0.0594359 0.769315 154
0 0.309289 0.0872002 0.0825154 0.120154 0.742087 156
0 0.884241 0.932441 0.0230901 0.063722 0.336967 162
0 0.968804 0.354869 0.0468179 0.0840899 0.672606 163
0 0.96227 0.88134 0.0137556 0.0399969 0.458725 165
0 0.397879 0.151368 0.0223256 0.0614807 0.521564 170
0 0.253195 0.641437 0.026516 0.064848 0.706374 106
0 0.516462 0.442235 0.01915 0.0465839 0.588547 174
0 0.994343 0.584855 0.0108057 0.0524504 0.559626 185
0 0.475212 0.391259 0.0185472 0.066409 0.553008 189
0 0.199924 0.264487 0.0191082 0.0562887 0.557973 204
0 0.171777 0.519295 0.037195 0.0583352 0.44683 110
0 0.368303 0.636294 0.0220565 0.0767522 0.506337 10
0 0.551757 0.575617 0.0149128 0.0509887 0.368451 19
0 0.171049 0.399869 0.0571908 0.104045 0.723244 71
0 0.521595 0.65106 0.0166397 0.0523672 0.44332 93
0 0.689298 0.377336 0.0165041 0.0302099 0.363515 105
0 0.747147 0.897744 0.0145676 0.0383977 0.392349 53
0 0.670022 0.907931 0.0220033 0.0732817 0.759527 81
0 0.693862 0.856839 0.0174078 0.0515019 0.335344 39
0 0.256452 0.600561 0.0130914 0.0388613 0.482387 65
0 0.660907 0.523538 0.0188161 0.0562313 0.454091 82
0 0.286799 0.637141 0.0137741 0.0403651 0.373136 94
0 0.257071 0.699072 0.0235514 0.038439 0.374869 107
