0 0.590577 0.654533 0.0444688 0.076976 0.392967 13
0 0.787389 0.704375 0.017505 0.0379114 0.336717 60
0 0.844151 0.678453 0.0522696 0.0952593 0.448452 80
0 0.626623 0.882261 0.0220131 0.0670027 0.479745 95
0 0.485301 0.00851118 0.0445686 0.0170224 0.393746 98
0 0.391993 0.287567 0.0274433 0.0546081 0.345593 102
0 0.507547 0.317008 0.0772392 0.14473 0.827893 260
0 0.617276 0.269723 0.095943 0.16215 0.846717 274
0 0.550158 0.766904 0.016969 0.0467441 0.453841 299
0 0.842624 0.597386 0.0212334 0.0502428 0.452193 312
0 0.33225 0.477151 0.112152 0.139642 0.775538 329
0 0.583365 0.923346 0.0163491 0.0480138 0.511124 370
0 0.444074 0.803894 0.0205042 0.0634492 0.730717 380
0 0.701791 0.253531 0.0475024 0.08796 0.419085 386
0 0.492605 0.843132 0.0768491 0.194934 0.324153 3
0 0.663558 0.55308 0.0214336 0.0541873 0.512189 101
0 0.564584 0.722214 0.0186251 0.049751 0.735741 448
0 0.55792 0.846543 0.0190435 0.0525517 0.633884 455
0 0.700356 0.537126 0.0200106 0.0459618 0.594082 456
0 0.726131 0.69498 0.0353761 0.075004 0.767048 92
0 0.42306 0.424108 0.0251179 0.0521947 0.63834 514
0 0.510194 0.393211 0.0997618 0.165151 0.805888 31
0 0.742475 0.545539 0.0474961 0.0765138 0.491366 269
0 0.417237 0.613514 0.0672986 0.19094 0.633733 562
0 0.548147 0.464492 0.0602457 0.111794 0.557454 563
0 0.658997 0.715594 0.0186563 0.0452443 0.610668 582
0 0.942617 0.655283 0.105658 0.156913 0.825421 594
0 0.565844 0.515002 0.0211271 0.0534699 0.653361 225
0 0.804508 0.494669 0.0209778 0.0585334 0.582922 272
0 0.454691 0.726852 0.0182248 0.0536101 0.746904 600
0 0.77533 0.48096 0.0175433 0.0428474 0.708908 601
0 0.479982 0.600281 0.0212877 0.0470786 0.569872 603
0 0.187228 0.414297 0.106984 0.221784 0.82361 604
0 0.87045 0.511409 0.0162971 0.0379307 0.66623 620
0 0.228086 0.656093 0.0249632 0.0604319 0.326315 624
0 0.464066 0.314769 0.0684156 0.123489 0.763564 625
0 0.465996 0.55105 0.0190235 0.0556208 0.522873 627
0 0.409991 0.372809 0.0184793 0.0428107 0.646096 630
0 0.523022 0.57918 0.051964 0.108902 0.467567 14
0 0.81579 0.389056 0.104149 0.122578 0.834685 249
0 0.881802 0.554884 0.0200272 0.0506283 0.520317 656
0 0.131111 0.622407 0.0164183 0.0485372 0.545627 670
0 0.203062 0.727039 0.0264308 0.080698 0.339195 673
0 0.869308 0.604714 0.0162254 0.0387751 0.676972 674
0 0.0709487 0.711793 0.0235026 0.0636001 0.671527 675
0 0.489923 0.547597 0.0194515 0.0392306 0.688543 682
0 0.345224 0.291739 0.0543655 0.0974999 0.388844 692
0 0.491072 0.680601 0.0281727 0.094219 0.403349 700
0 0.795078 0.581573 0.0454637 0.0757353 0.573572 219
0 0.368081 0.357151 0.0154169 0.0316346 0.720208 704
0 0.276235 0.376552 0.0167057 0.0496621 0.719244 709
0 0.553494 0.251528 0.0175104 0.0403623 0.75054 710
0 0.409414 0.321331 0.0176325 0.040035 0.682024 711
0 0.348117 0.38472 0.01522 0.0274252 0.51722 712
0 0.300007 0.292922 0.0289588 0.0576284 0.57424 713
0 0.21915 0.548375 0.0304075 0.0613987 0.415901 715
0 0.498783 0.493335 0.016435 0.0339178 0.681161 716
0 0.519236 0.267157 0.021441 0.0509154 0.736715 717
0 0.702185 0.766359 0.02288 0.0544575 0.525864 718
0 0.188424 0.612084 0.0228872 0.0739892 0.453884 729
0 0.368865 0.568771 0.018928 0.0463407 0.520394 732
0 0.250947 0.719796 0.016598 0.0476501 0.331989 733
0 0.863721 0.40968 0.0158099 0.0339036 0.533254 369
0 0.331475 0.619794 0.0737801 0.129724 0.535686 775
0 0.912061 0.54869 0.0166405 0.038196 0.619455 780
0 0.431039 0.481497 0.0240671 0.0517615 0.363995 805
0 0.63752 0.389963 0.0808437 0.122486 0.634097 806
0 0.943163 0.391822 0.105606 0.237325 0.857578 811
0 0.730128 0.465071 0.0400774 0.075193 0.403145 302
0 0.874454 0.747824 0.0339449 0.0696629 0.552167 467
0 0.26293 0.562652 0.0188722 0.0467281 0.727126 327
0 0.769217 0.628855 0.0137501 0.033134 0.529221 228
0 0.745596 0.387422 0.0205453 0.0542439 0.701397 824
0 0.599834 0.494851 0.0179565 0.0398212 0.646877 827
0 0.802791 0.25936 0.0302843 0.0656167 0.406377 828
0 0.111881 0.579562 0.0212338 0.0607769 0.726518 829
0 0.275939 0.603102 0.0168198 0.046731 0.486814 833
0 0.668558 0.456663 0.0439724 0.0829784 0.463476 847
0 0.257701 0.669567 0.0144805 0.0429202 0.694058 852
0 0.848089 0.468056 0.0503352 0.0836151 0.360862 861
0 0.874814 0.261792 0.0280553 0.06299 0.514795 865
0 0.583908 0.566342 0.0261244 0.0554029 0.542023 867
0 0.686844 0.614839 0.0351877 0.0853833 0.543836 868
0 0.562044 0.611957 0.0196357 0.0439684 0.559567 869
0 0.498577 0.211953 0.0186641 0.0452355 0.686161 870
0 0.715415 0.177119 0.0145134 0.0388635 0.732598 871
0 0.691481 0.178268 0.0185136 0.0444093 0.696515 873
0 0.662591 0.309078 0.0171275 0.0432573 0.633997 874
0 0.443642 0.162934 0.0995455 0.190516 0.762112 875
0 0.540707 0.196096 0.0234848 0.0741443 0.502547 877
0 0.831896 0.279587 0.016328 0.0404082 0.652089 879
0 0.72314 0.317044 0.0421922 0.0791042 0.555085 886
0 0.637402 0.534061 0.0169502 0.0383247 0.755551 888
0 0.614746 0.5269 0.0201749 0.038375 0.826683 901
0 0.275915 0.266407 0.0189473 0.0473237 0.726664 902
0 0.27824 0.656344 0.0156226 0.0452642 0.63764 907
0 0.737305 0.219866 0.0153031 0.0365459 0.587213 909
0 0.711754 0.395986 0.0170548 0.0283693 0.481258 917
0 0.755945 0.593807 0.014339 0.0371771 0.608755 648
0 0.715325 0.430319 0.0172066 0.0253924 0.628354 943
0 0.383084 0.383772 0.0164301 0.0291296 0.660194 725
0 0.506899 0.166472 0.0136655 0.035045 0.693103 945
0 0.95839 0.542042 0.0161217 0.0393449 0.678109 946
0 0.685542 0.504973 0.0166772 0.0454816 0.677211 950
0 0.658994 0.78212 0.0289961 0.0792308 0.644476 59
0 0.51208 0.526887 0.0148884 0.0343048 0.469282 768
0 0.246852 0.281375 0.0161968 0.042574 0.640054 965
0 0.556418 0.148903 0.0207712 0.0302475 0.436065 968
0 0.890123 0.310173 0.0127246 0.0385504 0.514288 906
0 0.273775 0.19758 0.0564378 0.0958649 0.743506 988
0 0.59682 0.147602 0.0306667 0.0701103 0.44139 994
0 0.617993 0.577093 0.0222794 0.0492301 0.62213 1001
0 0.735751 0.169959 0.014575 0.0296 0.540472 1002
0 0.340711 0.349149 0.0147712 0.0273599 0.528942 1008
0 0.815156 0.116129 0.0941406 0.1804 0.783493 174
0 0.106029 0.355916 0.0773054 0.187861 0.748157 1027
0 0.853149 0.201932 0.0628259 0.0787224 0.587619 1032
0 0.216471 0.610163 0.0121011 0.0365018 0.453014 1040
0 0.72922 0.124109 0.0430238 0.064246 0.493378 1041
0 0.513802 0.101643 0.0254873 0.0688895 0.633319 1049
0 0.626945 0.487847 0.0136206 0.0349226 0.526703 1053
0 0.376904 0.329116 0.0146822 0.0210319 0.455744 1055
0 0.17328 0.282887 0.0173374 0.050362 0.761353 1056
0 0.571173 0.210413 0.0155429 0.0416679 0.720883 1057
0 0.828643 0.535804 0.0165289 0.0425039 0.686109 1064
0 0.920775 0.224529 0.0512566 0.0831638 0.429126 1065
0 0.204946 0.236073 0.017897 0.0562093 0.620295 1066
0 0.971471 0.508586 0.0176266 0.0438821 0.776624 1068
0 0.238361 0.601569 0.0171727 0.0426078 0.58701 1073
0 0.771536 0.303201 0.0114199 0.0297068 0.345565 1085
0 0.228329 0.136599 0.0735567 0.115194 0.738634 1087
0 0.400153 0.839304 0.0192463 0.0534722 0.603945 1116
0 0.171814 0.22053 0.0206657 0.0578934 0.656945 1119
0 0.677526 0.0784276 0.0250901 0.0588046 0.588306 1122
0 0.456288 0.0225424 0.0425594 0.0450847 0.617441 480
0 0.889202 0.913504 0.0278572 0.0559092 0.373312 47
0 0.639213 0.622991 0.0210059 0.0515603 0.71888 1138
0 0.494939 0.0487963 0.0154327 0.0439778 0.64879 1143
0 0.681087 0.143841 0.0137352 0.0292914 0.665267 1144
0 0.390611 0.350047 0.0133096 0.024834 0.493858 1151
0 0.742889 0.0603466 0.0231656 0.0619795 0.577471 1153
0 0.327098 0.377578 0.0156489 0.0352869 0.614849 887
0 0.615336 0.7158 0.035036 0.0791489 0.605145 451
0 0.425838 0.736228 0.0139304 0.042857 0.427319 832
0 0.0561452 0.454075 0.0181826 0.0540736 0.684605 1159
0 0.639716 0.0348977 0.0173507 0.0445719 0.709834 1161
0 0.572514 0.387661 0.0138205 0.0423825 0.713546 706
0 0.87258 0.799344 0.0167818 0.031043 0.437333 1178
0 0.616367 0.094831 0.0243847 0.0562527 0.355705 1186
0 0.520709 0.686876 0.0590373 0.106255 0.417705 27
0 0.317692 0.0602188 0.097583 0.102355 0.811904 1195
0 0.677928 0.0232563 0.0157017 0.0357504 0.73138 1198
0 0.705334 0.0237478 0.0166275 0.0401871 0.69403 1199
0 0.263129 0.309108 0.0146631 0.0357173 0.474398 1200
0 0.192394 0.189186 0.0119881 0.0316992 0.589006 1202
0 0.141029 0.21136 0.0163386 0.0476722 0.565903 1203
0 0.762754 0.329482 0.0117593 0.0318038 0.603324 1204
0 0.891906 0.146785 0.0125626 0.0354837 0.654426 1205
0 0.475863 0.507596 0.0231845 0.0385625 0.344296 1207
0 0.320045 0.269721 0.0149701 0.0338484 0.493414 830
0 0.167221 0.561339 0.0110917 0.0326824 0.304789 1025
0 0.808077 0.620582 0.0117544 0.0262557 0.3289 999
0 0.318434 0.572829 0.0124364 0.0387621 0.489491 744
0 0.691915 0.723542 0.0179506 0.042267 0.724696 948
0 0.697322 0.366727 0.0103866 0.0330151 0.418117 1132
0 0.717736 0.89164 0.121964 0.19156 0.382296 63
0 0.341887 0.730111 0.0338725 0.0839502 0.550045 189
0 0.74955 0.490257 0.0137041 0.0280995 0.369316 884
0 0.386414 0.31186 0.0130161 0.0188016 0.466825 1174
0 0.745001 0.761419 0.0230705 0.054723 0.722064 121
