0 0.774561 0.806441 0.0366217 0.0699106 0.842956 1
0 0.410266 0.614384 0.0171133 0.0392498 0.683874 6
0 0.618999 0.504294 0.0516587 0.0655109 0.504841 13
0 0.50364 0.909579 0.0143418 0.0428819 0.648805 16
0 0.63195 0.877425 0.023005 0.0586264 0.638538 18
0 0.688137 0.878351 0.019906 0.0613476 0.746411 21
0 0.817881 0.670759 0.027359 0.0680137 0.527086 60
0 0.727552 0.727259 0.106074 0.152534 0.820607 63
0 0.315146 0.658898 0.0153205 0.0401705 0.702954 68
0 0.856284 0.591804 0.0547422 0.0900308 0.561175 80
0 0.645518 0.71989 0.032582 0.0762824 0.372877 95
0 0.391334 0.252915 0.0563686 0.0782268 0.788345 98
0 0.573518 0.750724 0.0190288 0.0436909 0.702854 102
0 0.915817 0.896758 0.0169366 0.0381947 0.813135 163
0 0.969561 0.758711 0.0598012 0.102559 0.49354 185
0 0.350424 0.565781 0.0811196 0.123844 0.713782 189
0 0.822248 0.570013 0.0227522 0.0516062 0.339384 260
0 0.636441 0.153918 0.0964528 0.150425 0.847107 274
0 0.574144 0.614689 0.0245853 0.0550302 0.65301 299
0 0.864031 0.505689 0.0200211 0.0549897 0.589319 312
0 0.33207 0.314963 0.0676423 0.143717 0.649948 329
0 0.402572 0.311207 0.0577289 0.103473 0.766747 337
0 0.605876 0.756024 0.0194538 0.0469285 0.721353 370
0 0.452575 0.654524 0.0213004 0.0316895 0.666432 380
0 0.71869 0.156716 0.0508317 0.0846166 0.57674 386
0 0.451397 0.697626 0.0196703 0.0374311 0.421388 54
0 0.509542 0.687548 0.0719624 0.143448 0.732692 3
0 0.678855 0.454854 0.0267315 0.0696024 0.584024 101
0 0.59079 0.568188 0.0172099 0.0437316 0.684032 448
0 0.572871 0.689667 0.0223244 0.0528471 0.358922 455
0 0.718837 0.428679 0.0192155 0.049772 0.69409 456
0 0.363743 0.671096 0.0599848 0.0996367 0.569241 465
0 0.112429 0.532353 0.0331682 0.0711606 0.546407 480
0 0.54497 0.760585 0.0190956 0.0497813 0.744342 140
0 0.740151 0.567463 0.0696003 0.109401 0.777787 92
0 0.554748 0.812599 0.0240361 0.0554594 0.641424 139
0 0.446596 0.27168 0.0214743 0.0489309 0.66333 514
0 0.799132 0.441943 0.0178107 0.043776 0.70515 521
0 0.62752 0.61453 0.0498127 0.118333 0.719592 523
0 0.537016 0.250495 0.0843273 0.155027 0.78339 31
0 0.762742 0.444838 0.0315986 0.0635224 0.475655 269
0 0.386744 0.718556 0.018847 0.0503991 0.693721 556
0 0.44041 0.466312 0.0714793 0.196454 0.768265 562
0 0.574188 0.32266 0.0612009 0.10593 0.607722 563
0 0.688809 0.563231 0.0174483 0.0364815 0.734686 582
0 0.952549 0.56746 0.0908849 0.166892 0.824254 594
0 0.590802 0.382762 0.0219436 0.0538672 0.736506 225
0 0.553748 0.541451 0.0448181 0.08143 0.317022 27
0 0.826611 0.40236 0.0213062 0.0576822 0.652132 272
0 0.476365 0.567834 0.0191707 0.0485413 0.750516 600
0 0.79666 0.385776 0.0161238 0.0416622 0.759364 601
0 0.502185 0.45662 0.0219395 0.0454576 0.562271 603
0 0.207652 0.245642 0.101983 0.217065 0.607525 604
0 0.89111 0.416924 0.0162378 0.0374967 0.70847 620
0 0.26073 0.45712 0.0228 0.0557079 0.609623 624
0 0.485647 0.165499 0.0564746 0.112745 0.708143 625
0 0.492471 0.399741 0.0163032 0.0599472 0.4956 627
0 0.183055 0.592048 0.055187 0.124045 0.537873 628
0 0.438636 0.220225 0.0174501 0.0449209 0.678731 630
0 0.545712 0.443153 0.0485518 0.0954723 0.583463 14
0 0.836946 0.288187 0.097907 0.121704 0.815614 249
0 0.900776 0.455642 0.0200262 0.0430172 0.707746 656
0 0.143016 0.431332 0.0184427 0.0575874 0.647662 670
0 0.223407 0.510951 0.0345401 0.0753056 0.349076 673
0 0.895066 0.508347 0.016179 0.0417149 0.728773 674
0 0.0836764 0.471757 0.0263152 0.0608352 0.630048 675
0 0.513405 0.406704 0.0191777 0.036897 0.573833 682
0 0.15653 0.50073 0.0428441 0.0964963 0.695115 687
0 0.162326 0.74072 0.0193036 0.0643863 0.646197 691
0 0.367883 0.140186 0.0421851 0.085978 0.398641 692
0 0.510473 0.528948 0.0254749 0.0786124 0.407505 700
0 0.232741 0.681458 0.0147275 0.045395 0.644126 221
0 0.82103 0.48796 0.0333504 0.0620101 0.494844 219
0 0.28492 0.605842 0.040917 0.0794936 0.4566 476
0 0.416577 0.699623 0.0172364 0.0438372 0.716916 534
0 0.387201 0.205686 0.0156602 0.0338217 0.650731 704
0 0.293282 0.207829 0.0158693 0.0429592 0.705273 709
0 0.572902 0.136181 0.0176728 0.0452052 0.762116 710
0 0.43109 0.170663 0.0186617 0.045595 0.64714 711
0 0.371688 0.238103 0.0161401 0.0406187 0.770785 712
0 0.309128 0.156559 0.0302469 0.077613 0.418169 713
0 0.241531 0.371464 0.0227564 0.0531758 0.586084 715
0 0.525369 0.351387 0.0145718 0.0323311 0.585217 716
0 0.531527 0.139746 0.017106 0.0436642 0.658337 717
0 0.69141 0.624378 0.0168781 0.0290777 0.625965 718
0 0.211973 0.419882 0.0212527 0.0581311 0.634517 729
0 0.415866 0.389414 0.0149438 0.0396228 0.735793 732
0 0.274458 0.521974 0.0275323 0.070502 0.511428 733
0 0.235793 0.579838 0.0165242 0.0445925 0.653647 765
0 0.881345 0.316804 0.014758 0.0335603 0.659401 369
0 0.795448 0.751454 0.0187634 0.040271 0.622289 373
0 0.363142 0.440935 0.0615714 0.105345 0.72307 775
0 0.120579 0.606648 0.0194685 0.0616934 0.699692 776
0 0.919471 0.483884 0.0164198 0.0389627 0.658283 780
0 0.976399 0.673566 0.0231607 0.0416283 0.683663 784
0 0.902577 0.634643 0.0226385 0.0467322 0.670677 785
0 0.200252 0.712246 0.0220694 0.0761208 0.568604 786
0 0.623008 0.811414 0.02408 0.0746293 0.565906 789
0 0.538333 0.902275 0.015747 0.0510349 0.755813 800
0 0.464886 0.321075 0.0329911 0.0611012 0.462713 805
0 0.652426 0.27687 0.0642446 0.106544 0.621595 806
0 0.0525249 0.598047 0.0270456 0.0859163 0.515928 807
0 0.94826 0.326346 0.0936392 0.192874 0.787145 811
0 0.194098 0.498615 0.0143567 0.0456262 0.568441 819
0 0.748587 0.363897 0.04621 0.072162 0.4991 302
0 0.937764 0.652524 0.0141632 0.0336518 0.532228 72
0 0.88639 0.685101 0.0223377 0.0584682 0.446984 467
0 0.577161 0.816622 0.019985 0.0543131 0.508138 105
0 0.391234 0.602269 0.0172699 0.0387223 0.719445 477
0 0.291785 0.37297 0.012159 0.0339036 0.393009 327
0 0.794129 0.53355 0.0145602 0.0401622 0.593844 228
0 0.763906 0.293464 0.0198128 0.0511861 0.733592 824
0 0.623798 0.38008 0.0178163 0.03717 0.748341 827
0 0.815647 0.183814 0.0376548 0.0697064 0.537066 828
0 0.119446 0.305795 0.0562105 0.102027 0.712964 829
0 0.334372 0.131785 0.0131407 0.0374882 0.472676 830
0 0.436877 0.606449 0.0190791 0.0523982 0.602715 832
0 0.30231 0.415126 0.0227939 0.0572789 0.712255 833
0 0.842674 0.546772 0.013527 0.0269582 0.494772 840
0 0.688651 0.341051 0.0414643 0.0801125 0.586179 847
0 0.170726 0.428372 0.0168779 0.039769 0.652336 850
0 0.291687 0.469137 0.0148406 0.0371881 0.749487 852
0 0.15261 0.64746 0.0140859 0.0468251 0.645874 854
0 0.460558 0.60425 0.0276643 0.0548151 0.406223 855
0 0.871063 0.371589 0.0462773 0.078007 0.39999 861
0 0.958586 0.849763 0.0153146 0.0396982 0.628396 234
0 0.891742 0.18357 0.0252449 0.0571408 0.486982 865
0 0.61213 0.439793 0.0201335 0.0502173 0.702742 867
0 0.70866 0.506297 0.0342698 0.0724557 0.504427 868
0 0.58356 0.474459 0.0155537 0.0306992 0.713931 869
0 0.519484 0.0940174 0.0180995 0.048821 0.651209 870
0 0.730573 0.0865577 0.0135367 0.037027 0.651176 871
0 0.708597 0.075675 0.0189647 0.0483023 0.75251 873
0 0.680909 0.204493 0.017428 0.0439384 0.728892 874
0 0.452855 0.0661343 0.0953209 0.120782 0.83386 875
0 0.55908 0.0839632 0.0278115 0.0656163 0.451206 877
0 0.857766 0.195065 0.0149564 0.0424018 0.712554 879
0 0.842456 0.221961 0.0122482 0.0318429 0.457932 883
0 0.739765 0.221815 0.0379932 0.0678427 0.548536 886
0 0.350784 0.217221 0.0207677 0.0466074 0.499822 887
0 0.661764 0.419183 0.0160423 0.0393673 0.754233 888
0 0.584025 0.438512 0.0137151 0.0316238 0.670254 721
0 0.641499 0.415531 0.0185268 0.0430584 0.701524 901
0 0.291398 0.125621 0.0154848 0.037751 0.69836 902
0 0.938461 0.892674 0.0145236 0.0328585 0.57276 905
0 0.31365 0.460244 0.0150826 0.0402667 0.684866 907
0 0.754057 0.131775 0.0137747 0.0356983 0.624308 909
0 0.566935 0.488852 0.0168744 0.0278141 0.526832 912
0 0.731238 0.296369 0.0152106 0.0289992 0.52755 917
0 0.395076 0.391241 0.0112761 0.0343515 0.302079 919
0 0.77834 0.485608 0.0137406 0.0365602 0.433417 648
0 0.359108 0.361179 0.0127394 0.0397048 0.532488 744
0 0.42271 0.652474 0.018417 0.0362657 0.739711 921
0 0.782204 0.366792 0.0122013 0.0246328 0.359965 934
0 0.734295 0.330938 0.0142925 0.0260194 0.487331 943
0 0.40651 0.211763 0.0155822 0.0318469 0.553864 725
0 0.74382 0.812622 0.0150574 0.0438656 0.639557 84
0 0.512608 0.0486829 0.0140399 0.0374978 0.658589 945
0 0.985607 0.448285 0.0135825 0.0386695 0.471379 946
0 0.677855 0.601196 0.0161372 0.0291348 0.491056 948
0 0.706874 0.390801 0.0140435 0.0366971 0.52376 950
0 0.682028 0.654899 0.0175286 0.0387904 0.561032 59
0 0.243875 0.625376 0.0183942 0.0466132 0.549308 681
0 0.53711 0.387073 0.0138498 0.0321798 0.482237 768
0 0.268698 0.133209 0.0139362 0.0393303 0.634834 965
0 0.570463 0.0385507 0.0162577 0.0338671 0.66435 968
0 0.0694036 0.508549 0.0176265 0.0455347 0.640146 972
0 0.22906 0.451926 0.0139541 0.0305916 0.553444 973
0 0.893305 0.606145 0.0138144 0.0344345 0.383073 983
0 0.163726 0.385961 0.0145423 0.0382753 0.673986 790
0 0.908836 0.225616 0.0134904 0.0369549 0.60427 906
0 0.874898 0.773282 0.115753 0.219419 0.496525 47
0 0.805046 0.0952315 0.0690603 0.113071 0.620185 174
0 0.456482 0.580799 0.01582 0.0298041 0.302637 539
0 0.312539 0.809164 0.0161274 0.0417945 0.410632 777
0 0.851129 0.445171 0.014996 0.0436132 0.713211 156
0 0.490879 0.971096 0.0128503 0.0358376 0.493828 614
0 0.356584 0.774212 0.0123032 0.0389428 0.486704 742
0 0.328903 0.769448 0.0177832 0.0478169 0.580285 758
0 0.158171 0.718671 0.0269342 0.0825336 0.480577 128
0 0.378707 0.846435 0.0215084 0.0494659 0.753815 424
0 0.771602 0.392391 0.0124862 0.0277291 0.597716 884
