0 0.827837 0.853216 0.020619 0.0460953 0.610954 811
0 0.669951 0.858147 0.0244804 0.0664151 0.680536 828
0 0.753137 0.770493 0.0575699 0.0911685 0.625494 865
0 0.725189 0.552793 0.12699 0.207999 0.853754 174
0 0.886267 0.570822 0.0595053 0.108194 0.743049 1065
0 0.425416 0.45925 0.0553326 0.116395 0.43642 480
0 0.468075 0.587696 0.0155642 0.0443442 0.591288 1143
0 0.671705 0.455535 0.0358329 0.08257 0.560457 1153
0 0.314861 0.786927 0.0164584 0.0383012 0.66141 1195
0 0.597977 0.547028 0.0193461 0.0546744 0.656257 1198
0 0.826494 0.484277 0.0134836 0.0348146 0.49074 1205
0 0.491623 0.514811 0.048141 0.0952408 0.608434 1247
0 0.52159 0.607588 0.0680036 0.151669 0.78428 93
0 0.708237 0.429794 0.0188485 0.0417081 0.637215 1254
0 0.605811 0.405103 0.103354 0.163007 0.794305 1258
0 0.359039 0.688375 0.0216011 0.0699153 0.611038 1264
0 0.428654 0.171828 0.118176 0.190001 0.833518 1285
0 0.393432 0.627659 0.0341157 0.0805165 0.356815 1304
0 0.536776 0.499776 0.0183603 0.0501485 0.618645 1334
0 0.284902 0.64181 0.0176187 0.052026 0.483058 1393
0 0.875766 0.470706 0.0175372 0.0496828 0.746107 1414
0 0.627707 0.612076 0.0216369 0.0595079 0.644927 1420
0 0.708653 0.383124 0.0165179 0.0333723 0.41694 1428
0 0.367557 0.521872 0.0238301 0.0740971 0.561691 1429
0 0.686912 0.34963 0.0262438 0.0588487 0.658178 1442
0 0.911192 0.704525 0.0248271 0.0590221 0.517395 1447
0 0.641228 0.669889 0.0253661 0.0690465 0.627433 1041
0 0.398934 0.798562 0.0224392 0.0658433 0.69105 1365
0 0.31398 0.737199 0.017622 0.0519157 0.658269 1469
0 0.288926 0.738834 0.0146089 0.0495961 0.560771 1470
0 0.62003 0.496195 0.0207071 0.0498944 0.366277 1199
0 0.817437 0.567424 0.0569946 0.123978 0.693684 1032
0 0.786937 0.710999 0.0194898 0.0473172 0.592731 1514
0 0.538239 0.364395 0.0515837 0.104356 0.625151 1515
0 0.294959 0.414654 0.036441 0.0798017 0.602098 907
0 0.380246 0.406932 0.0653752 0.144379 0.677803 1537
0 0.743073 0.400116 0.0234439 0.0585873 0.629127 1552
0 0.483 0.352355 0.0369704 0.123272 0.471316 1562
0 0.422544 0.756657 0.0190923 0.0480911 0.668758 1359
0 0.899235 0.283533 0.183697 0.220176 0.515568 1632
0 0.766172 0.283976 0.0237035 0.0554739 0.672498 1656
0 0.439939 0.350418 0.0214275 0.0615127 0.744579 1658
0 0.925957 0.456064 0.0644428 0.113682 0.705756 1664
0 0.676842 0.246693 0.0636597 0.116129 0.6551 1129
0 0.79866 0.861427 0.0227731 0.0562253 0.553137 1691
0 0.373398 0.920472 0.0154819 0.0469902 0.397892 1693
0 0.408871 0.715029 0.0217121 0.0616475 0.61302 1717
0 0.475151 0.940472 0.0205643 0.0606876 0.751921 710
0 0.863557 0.720911 0.0238829 0.0606844 0.538268 1731
0 0.894134 0.822404 0.0151463 0.0434668 0.748694 1735
0 0.913786 0.773817 0.015411 0.0442762 0.681212 1738
0 0.729747 0.326632 0.0216763 0.0538917 0.719274 1739
0 0.887619 0.657311 0.0203824 0.054521 0.779669 1743
0 0.943774 0.543056 0.0175647 0.042919 0.729679 1744
0 0.979512 0.631819 0.0409767 0.100435 0.621422 1745
0 0.870464 0.802127 0.0200501 0.0493807 0.812471 369
0 0.337208 0.619455 0.0245963 0.0708489 0.497588 1775
0 0.100267 0.702277 0.0409799 0.101772 0.443991 1779
0 0.811855 0.769182 0.0203424 0.0515344 0.593009 1781
0 0.633142 0.157007 0.123193 0.194564 0.765092 1817
0 0.800559 0.168718 0.129248 0.154736 0.831729 1823
0 0.31086 0.59423 0.0199681 0.0610895 0.648179 1826
0 0.807942 0.481615 0.015517 0.0387113 0.60686 1357
0 0.147558 0.626426 0.0557691 0.154926 0.590881 1849
0 0.21192 0.422485 0.0188135 0.0594229 0.649943 1852
0 0.81388 0.818204 0.0171806 0.0376607 0.660416 1856
0 0.252674 0.3957 0.0235915 0.0727746 0.615345 1869
0 0.308111 0.492086 0.0631489 0.0997181 0.732219 1308
0 0.213586 0.592223 0.0816 0.147185 0.341262 874
0 0.549651 0.234087 0.0199374 0.051903 0.680681 1895
0 0.316653 0.33361 0.0237906 0.0643621 0.70038 1896
0 0.462794 0.708025 0.0173203 0.048925 0.574445 1897
0 0.415887 0.319073 0.0143178 0.041662 0.331138 1923
0 0.865043 0.897504 0.016732 0.0461118 0.760212 1563
0 0.965209 0.742314 0.0653621 0.103841 0.785639 1564
0 0.68763 0.157793 0.02271 0.0519341 0.737007 1930
0 0.229831 0.342949 0.0219026 0.0647486 0.606667 1931
0 0.625862 0.259331 0.0198388 0.0573355 0.709808 1948
0 0.681844 0.777659 0.0191939 0.0568118 0.568795 1959
0 0.312435 0.19201 0.0175264 0.0462744 0.651915 1961
0 0.233733 0.269202 0.0181025 0.0512204 0.633551 1964
0 0.532483 0.177149 0.0445018 0.0823844 0.614165 1966
0 0.264797 0.205293 0.0470823 0.066233 0.642317 1978
0 0.978334 0.553828 0.0155404 0.0378211 0.649583 1989
0 0.21292 0.484734 0.0158308 0.0485226 0.44011 1990
0 0.202253 0.255274 0.0191186 0.0547548 0.58014 1993
0 0.462004 0.641215 0.014031 0.0382447 0.519513 1994
0 0.28042 0.28611 0.0578336 0.0924595 0.671716 2002
0 0.259542 0.462003 0.0134227 0.032001 0.3636 2006
0 0.931291 0.621687 0.042904 0.0981904 0.458657 2016
0 0.637232 0.561312 0.0210589 0.0550414 0.683194 1144
0 0.568757 0.772247 0.0154625 0.0484438 0.556389 1402
0 0.776083 0.396584 0.0230556 0.0455023 0.437374 1767
0 0.216313 0.758001 0.0265539 0.0591727 0.627939 1525
0 0.919424 0.729909 0.0103498 0.0261412 0.348149 2017
0 0.371529 0.105432 0.0927036 0.179595 0.808117 2021
0 0.512252 0.291394 0.0261358 0.0567045 0.678792 2027
0 0.301565 0.149684 0.0170621 0.0443289 0.644803 2033
0 0.837683 0.648496 0.0257738 0.0636709 0.556847 2036
0 0.502632 0.733185 0.0250687 0.0640854 0.543778 1348
0 0.577229 0.612627 0.0211287 0.061406 0.744876 1122
0 0.666327 0.184857 0.0172918 0.0388481 0.681806 1943
0 0.917143 0.870813 0.0203358 0.0520138 0.449233 2048
0 0.740182 0.0905763 0.0211625 0.0431242 0.679002 2050
0 0.981447 0.511228 0.0162712 0.0352116 0.625993 2055
0 0.598371 0.282788 0.0140117 0.0375832 0.495793 2058
0 0.780132 0.339687 0.0278735 0.0577117 0.593115 2063
0 0.178513 0.381097 0.0445041 0.0817264 0.663297 2067
0 0.667816 0.664446 0.0149749 0.0429218 0.714146 871
0 0.863812 0.77012 0.0193595 0.0480107 0.747984 1758
0 0.597105 0.763367 0.0181829 0.0540369 0.793732 873
0 0.59324 0.718793 0.014864 0.0392993 0.500932 1431
0 0.501798 0.825369 0.030474 0.0788104 0.504712 994
0 0.619834 0.81449 0.0194338 0.0522062 0.703526 1950
0 0.716118 0.0597747 0.0215443 0.0446791 0.67926 2077
0 0.122404 0.388382 0.0518056 0.105833 0.421814 2078
0 0.822962 0.264736 0.0167833 0.0433628 0.648567 2081
0 0.603155 0.0648773 0.0648589 0.113051 0.646434 2083
0 0.181005 0.487432 0.0233066 0.0862523 0.607794 2084
0 0.44031 0.780277 0.0212211 0.0586745 0.721051 2085
0 0.239968 0.558206 0.0230896 0.0657678 0.526147 2090
0 0.627851 0.479608 0.0271789 0.0633126 0.402372 1584
0 0.546836 0.776312 0.020606 0.0568091 0.608642 1864
0 0.557667 0.855524 0.0206483 0.0698867 0.486093 274
0 0.80176 0.3122 0.0153087 0.0323004 0.537189 1901
0 0.54494 0.923685 0.0193118 0.0484616 0.549199 806
0 0.546933 0.047485 0.0602 0.0843614 0.666168 2113
0 0.714284 0.12767 0.0203928 0.0444574 0.735609 2114
0 0.470083 0.775043 0.0181041 0.0515001 0.607949 2128
0 0.767846 0.819506 0.0172704 0.0413895 0.441213 1204
0 0.743981 0.945447 0.0125302 0.0367514 0.349577 1412
0 0.648421 0.84009 0.0124302 0.0313552 0.317328 1367
0 0.134097 0.488515 0.0126936 0.0412146 0.353183 2018
0 0.736394 0.983132 0.0178991 0.0337358 0.40985 272
0 0.545116 0.829399 0.0175393 0.0323769 0.311919 1861
0 0.161902 0.820631 0.0135802 0.0422665 0.371164 1521
0 0.813204 0.917105 0.0258804 0.0611299 0.729717 620
0 0.446273 0.54199 0.022338 0.070165 0.450113 1312
0 0.0969653 0.553856 0.0255414 0.0794811 0.442909 2005
