0 0.83234 0.77042 0.0329936 0.0630362 0.383301 80
0 0.600208 0.38664 0.0997414 0.160429 0.814197 274
0 0.818957 0.717407 0.0361681 0.0540187 0.410518 312
0 0.29081 0.742914 0.0251639 0.0806969 0.463569 329
0 0.686421 0.366954 0.0491132 0.106809 0.495322 386
0 0.667498 0.704369 0.0257182 0.0586686 0.529539 456
0 0.391179 0.628852 0.022791 0.0624747 0.636909 514
0 0.466323 0.638737 0.10487 0.162905 0.73959 31
0 0.723363 0.688766 0.0428297 0.0761047 0.330732 269
0 0.495344 0.715544 0.0602357 0.0920235 0.478295 563
0 0.930579 0.769394 0.122728 0.157954 0.84716 594
0 0.528209 0.753992 0.023808 0.0622534 0.624629 225
0 0.779119 0.615468 0.0216573 0.0613567 0.528118 272
0 0.750334 0.612082 0.0187516 0.0478615 0.731954 601
0 0.146918 0.688955 0.111209 0.211275 0.469392 604
0 0.854376 0.624826 0.0195519 0.0491959 0.685123 620
0 0.45733 0.490587 0.0697824 0.123501 0.722777 625
0 0.479458 0.825738 0.0596264 0.120996 0.436424 14
0 0.787218 0.506114 0.0997146 0.143794 0.787696 249
0 0.860847 0.676396 0.0356577 0.0619392 0.439513 656
0 0.323644 0.48009 0.0557828 0.110726 0.648958 692
0 0.773268 0.705749 0.0482327 0.0859864 0.4416 219
0 0.33866 0.549983 0.016491 0.0454691 0.49235 704
0 0.534444 0.376116 0.0185139 0.0461245 0.704908 710
0 0.39654 0.490992 0.0267163 0.0638813 0.442729 711
0 0.510698 0.422667 0.0208757 0.0536764 0.66106 717
0 0.839584 0.519145 0.0163709 0.0337398 0.573912 369
0 0.893066 0.656583 0.0173435 0.0448391 0.676074 780
0 0.585523 0.523754 0.122617 0.118544 0.750823 806
0 0.928632 0.498513 0.128846 0.239923 0.84235 811
0 0.700343 0.602691 0.0415735 0.0942689 0.576966 302
0 0.71509 0.517237 0.0209869 0.0558602 0.572681 824
0 0.783973 0.352414 0.039398 0.0787462 0.425368 828
0 0.638847 0.602929 0.0506989 0.0923765 0.529641 847
0 0.822612 0.577379 0.0545375 0.100554 0.468062 861
0 0.855368 0.360163 0.0467168 0.0949906 0.400191 865
0 0.484529 0.389037 0.0197968 0.0492183 0.724304 870
0 0.67418 0.286248 0.021015 0.0516606 0.750042 873
0 0.660973 0.44242 0.0175631 0.0504139 0.80715 874
0 0.42075 0.352423 0.0911023 0.144163 0.833781 875
0 0.522093 0.308413 0.0331555 0.0705173 0.444928 877
0 0.811543 0.389103 0.0163153 0.0477182 0.748914 879
0 0.706642 0.432895 0.0467481 0.0983252 0.53302 886
0 0.604023 0.656807 0.0127019 0.0352021 0.357578 888
0 0.568522 0.745628 0.0241342 0.0660803 0.542862 901
0 0.252625 0.434693 0.0192785 0.0483329 0.651559 902
0 0.723944 0.318141 0.0189771 0.0403296 0.608351 909
0 0.677866 0.532069 0.0189674 0.0314006 0.559089 917
0 0.684654 0.564363 0.0189529 0.0300981 0.614656 943
0 0.484859 0.330032 0.0140017 0.0378805 0.359611 945
0 0.658051 0.660204 0.0197176 0.0416987 0.640503 950
0 0.856598 0.434147 0.0141662 0.0397601 0.682204 906
0 0.249844 0.361252 0.034086 0.0664989 0.38513 988
0 0.580676 0.266177 0.0231477 0.0627604 0.465223 994
0 0.719413 0.277048 0.0129238 0.0283947 0.456776 1002
0 0.797946 0.196434 0.10508 0.226422 0.836155 174
0 0.0858457 0.459239 0.0600435 0.154469 0.54587 1027
0 0.49807 0.244543 0.0269614 0.0736259 0.576967 1049
0 0.554421 0.332533 0.0171854 0.0471928 0.706403 1057
0 0.805061 0.653602 0.01708 0.0414391 0.717337 1064
0 0.91612 0.288262 0.0364903 0.0846146 0.459224 1065
0 0.192295 0.36285 0.0280295 0.049387 0.44333 1066
0 0.950533 0.606049 0.0160626 0.0409352 0.439995 1068
0 0.191465 0.295691 0.033463 0.0695493 0.457635 1087
0 0.149756 0.341991 0.0176045 0.0496149 0.705152 1119
0 0.662475 0.185076 0.0298118 0.0598708 0.554763 1122
0 0.473086 0.0280645 0.0659062 0.0561289 0.627108 480
0 0.478069 0.168823 0.016735 0.043457 0.785439 1143
0 0.742543 0.10823 0.0243509 0.0691252 0.515527 1153
0 0.626424 0.143289 0.0187304 0.0510057 0.76176 1161
0 0.593803 0.208184 0.0277075 0.0675226 0.455204 1186
0 0.375156 0.212612 0.0714142 0.106909 0.736243 1195
0 0.670266 0.119377 0.0188035 0.0481083 0.694835 1198
0 0.337932 0.390146 0.0539592 0.0709386 0.701603 1202
0 0.749371 0.42567 0.0185614 0.051247 0.672988 1204
0 0.885329 0.19781 0.0144614 0.0393061 0.653968 1205
0 0.160906 0.28061 0.0204286 0.0514338 0.628571 1221
0 0.726399 0.632102 0.0189354 0.035002 0.425139 884
0 0.984964 0.653065 0.0228629 0.0696649 0.498748 1239
0 0.535605 0.0910232 0.052813 0.089513 0.607645 1247
0 0.560013 0.146736 0.0771288 0.0992848 0.722412 93
0 0.772402 0.10318 0.0161881 0.0405363 0.616444 1254
0 0.239895 0.134402 0.0954688 0.124251 0.81428 1255
0 0.559997 0.629675 0.0389993 0.0826778 0.329628 1256
0 0.623023 0.0498656 0.0678943 0.0962136 0.746592 1258
0 0.389186 0.125352 0.0192163 0.0454069 0.734334 1264
0 0.41154 0.0855324 0.0202364 0.0370716 0.596371 1267
0 0.746263 0.806649 0.0153947 0.0336961 0.624479 60
0 0.726573 0.0650785 0.015477 0.0334244 0.54704 1285
0 0.754056 0.0640326 0.0147105 0.0275516 0.660209 1287
0 0.716557 0.103348 0.0190746 0.0437145 0.441398 1293
0 0.890348 0.90142 0.0182079 0.0425205 0.630099 1300
0 0.429623 0.137852 0.0387552 0.0633964 0.539464 1304
0 0.48259 0.0990798 0.0287123 0.0645867 0.518856 1312
0 0.773675 0.775459 0.0193716 0.0481725 0.764163 999
0 0.709948 0.757555 0.0186402 0.0527902 0.795126 1317
0 0.556773 0.843201 0.0196827 0.056353 0.539517 1318
0 0.874092 0.887846 0.0158616 0.0399206 0.668891 1320
0 0.125508 0.300974 0.0268342 0.0634406 0.382531 1328
0 0.58407 0.0890206 0.0157978 0.038803 0.714064 1334
0 0.366565 0.321428 0.0200065 0.0547347 0.597119 1226
0 0.702249 0.0380876 0.0577536 0.068966 0.714563 1345
0 0.869102 0.174372 0.0143521 0.0273386 0.701567 1357
0 0.385942 0.764983 0.0198815 0.0557029 0.538188 562
0 0.299127 0.820703 0.0136884 0.0489227 0.522764 732
0 0.225847 0.474597 0.0249827 0.082501 0.604156 965
0 0.619676 0.898609 0.0196835 0.0651563 0.742858 1371
0 0.239035 0.586891 0.0186928 0.0627455 0.563353 1372
0 0.381249 0.835379 0.019036 0.064319 0.545713 1374
0 0.410053 0.835192 0.020985 0.0595645 0.747685 1377
0 0.290061 0.677095 0.0165709 0.0509359 0.365814 1380
0 0.228781 0.6784 0.0213293 0.0782022 0.396146 1381
0 0.332086 0.0518625 0.0180101 0.042215 0.738022 1393
0 0.612307 0.274682 0.011923 0.0353022 0.524421 1402
0 0.629556 0.270171 0.0124095 0.0326278 0.335256 1406
0 0.337673 0.712262 0.0182322 0.0476781 0.532033 919
0 0.82421 0.642258 0.0124833 0.0271208 0.323528 1074
0 0.331292 0.628828 0.0452921 0.11045 0.413372 887
0 0.358352 0.760658 0.0172363 0.0553155 0.674904 775
0 0.952928 0.246872 0.0153987 0.0447054 0.694899 1414
0 0.300667 0.069442 0.0152784 0.0348473 0.627312 1415
0 0.708246 0.187471 0.0210854 0.0495465 0.531526 1420
0 0.581855 0.0426571 0.0151218 0.0372719 0.608244 1425
0 0.773655 0.0571855 0.0149925 0.0385462 0.565323 1428
0 0.397305 0.0385939 0.0246204 0.0505211 0.467207 1429
0 0.215638 0.72779 0.0147921 0.0537955 0.602717 837
0 0.359985 0.698827 0.0151391 0.0482478 0.457964 337
0 0.994423 0.545409 0.0101974 0.0447274 0.426938 1311
0 0.748844 0.0248338 0.0168777 0.0417809 0.637045 1442
0 0.985181 0.387364 0.0152071 0.0384521 0.643713 1447
0 0.342154 0.081364 0.0131565 0.0289413 0.428509 907
0 0.392676 0.69849 0.0134734 0.044379 0.456507 805
0 0.663466 0.250605 0.0120663 0.0270216 0.506904 1144
0 0.367017 0.152942 0.0164598 0.0414335 0.762455 1277
0 0.528837 0.23957 0.0129553 0.0320689 0.60475 1332
0 0.935192 0.638651 0.0176102 0.0390938 0.352095 946
0 0.708557 0.235466 0.034773 0.0485533 0.335534 1041
0 0.921312 0.65875 0.0168235 0.0404078 0.440449 1353
0 0.449358 0.22797 0.048756 0.0855886 0.57869 1365
0 0.163473 0.694819 0.055494 0.184331 0.315309 778
0 0.699014 0.285803 0.0129037 0.034568 0.382409 871
0 0.278879 0.516643 0.0158962 0.0437874 0.375183 709
0 0.700401 0.103047 0.0157994 0.0444588 0.333072 1199
0 0.477119 0.915708 0.0146012 0.0400911 0.583186 1059
0 0.190409 0.198484 0.0201236 0.0485085 0.747344 260
0 0.300862 0.26994 0.0219755 0.0494943 0.68145 59
0 0.591947 0.648866 0.0119559 0.0271036 0.375935 1053
0 0.0689958 0.716085 0.0193578 0.0590354 0.705848 1281
0 0.667583 0.0717603 0.0143445 0.0354838 0.629288 23
0 0.493081 0.947991 0.0160462 0.0424787 0.437124 3
0 0.56321 0.707742 0.0271503 0.0720938 0.622659 1084
0 0.38687 0.556008 0.0202188 0.0558138 0.663299 630
0 0.641365 0.786682 0.0321503 0.0740943 0.337723 868
0 0.743662 0.770596 0.0123745 0.0344966 0.54864 228
0 0.603447 0.237302 0.0146893 0.0291203 0.428871 1336
0 0.594548 0.693198 0.0177732 0.0472865 0.640712 1354
