0 0.585839 0.673014 0.0434374 0.0794324 0.318209 13
0 0.84442 0.687517 0.0534821 0.0922673 0.5527 80
0 0.618204 0.911704 0.0194808 0.0538182 0.516271 95
0 0.367297 0.180066 0.0865758 0.159385 0.828216 102
0 0.442232 0.237389 0.0728364 0.163685 0.679367 260
0 0.615596 0.280433 0.0986885 0.165787 0.838579 274
0 0.844278 0.606052 0.0201669 0.053226 0.519038 312
0 0.331476 0.500555 0.110911 0.141821 0.758585 329
0 0.577944 0.946742 0.0179366 0.0498225 0.756848 370
0 0.439508 0.82682 0.0181022 0.0584032 0.437578 380
0 0.701086 0.267873 0.0482362 0.0988209 0.408798 386
0 0.492476 0.826182 0.044608 0.118621 0.435555 3
0 0.661315 0.564888 0.0224668 0.0563193 0.423903 101
0 0.560321 0.743954 0.0174356 0.047333 0.724058 448
0 0.551281 0.871931 0.0177762 0.0507669 0.652658 455
0 0.699083 0.548492 0.0211827 0.0494055 0.663837 456
0 0.727701 0.716318 0.0226927 0.0623516 0.677507 92
0 0.421315 0.440334 0.0256681 0.0555718 0.61859 514
0 0.50895 0.409793 0.103523 0.16813 0.779353 31
0 0.744003 0.552157 0.0507554 0.0789961 0.443861 269
0 0.412766 0.636017 0.0727604 0.200093 0.308467 562
0 0.544498 0.47956 0.0611078 0.110629 0.555051 563
0 0.650978 0.744585 0.0179109 0.0556275 0.434633 582
0 0.942764 0.667295 0.105457 0.161001 0.851205 594
0 0.565127 0.531104 0.02125 0.054013 0.674822 225
0 0.803609 0.503514 0.0209188 0.0583528 0.593812 272
0 0.450007 0.750803 0.0183882 0.0545791 0.806996 600
0 0.774005 0.49051 0.0173565 0.0419053 0.757091 601
0 0.477961 0.6189 0.0202161 0.0473924 0.564269 603
0 0.185918 0.426707 0.109349 0.208166 0.856723 604
0 0.869716 0.521489 0.0162095 0.0381745 0.663246 620
0 0.227399 0.682695 0.0233663 0.0607517 0.382639 624
0 0.463191 0.329881 0.0702828 0.128508 0.752309 625
0 0.463871 0.569495 0.0191789 0.0550953 0.65828 627
0 0.408748 0.390811 0.0180283 0.0436926 0.575072 630
0 0.52118 0.598196 0.0505447 0.111254 0.458333 14
0 0.814036 0.398642 0.102355 0.128385 0.811959 249
0 0.881371 0.564385 0.0190192 0.0496709 0.492738 656
0 0.201581 0.75098 0.0179456 0.0625587 0.417144 673
0 0.869515 0.61677 0.0157932 0.0384711 0.687355 674
0 0.0687239 0.737898 0.0203027 0.0616221 0.675911 675
0 0.488351 0.564916 0.0204276 0.0411518 0.645617 682
0 0.342082 0.310516 0.0582995 0.103719 0.451844 692
0 0.486996 0.704222 0.0401942 0.103138 0.409275 700
0 0.795314 0.5903 0.0484502 0.0803844 0.54179 219
0 0.366657 0.373431 0.0153747 0.0326023 0.589693 704
0 0.275546 0.39508 0.0162215 0.0513897 0.665769 709
0 0.553407 0.262418 0.0170254 0.039881 0.786223 710
0 0.407224 0.338747 0.0181878 0.044188 0.589616 711
0 0.346493 0.401561 0.0151902 0.0289054 0.538579 712
0 0.299494 0.312057 0.0283212 0.0531545 0.514325 713
0 0.21632 0.572323 0.0271427 0.0678088 0.542583 715
0 0.496595 0.511582 0.0154351 0.0326153 0.584313 716
0 0.521059 0.280236 0.0221969 0.0522412 0.694303 717
0 0.704937 0.784076 0.0247653 0.0570203 0.558972 718
0 0.187608 0.647875 0.0235168 0.0722682 0.539083 729
0 0.364984 0.591354 0.0217713 0.0486265 0.541354 732
0 0.86235 0.41965 0.0161143 0.0345741 0.685537 369
0 0.328928 0.647556 0.074195 0.124174 0.486556 775
0 0.911362 0.558645 0.0169093 0.0393671 0.699435 780
0 0.42929 0.499196 0.0214558 0.0509312 0.46098 805
0 0.63525 0.40443 0.0775901 0.123788 0.649604 806
0 0.942791 0.394909 0.110009 0.239306 0.846147 811
0 0.727264 0.476573 0.0383825 0.0734153 0.429602 302
0 0.866477 0.766784 0.0406811 0.0702889 0.451869 467
0 0.261069 0.584881 0.0179887 0.0489503 0.583388 327
0 0.768832 0.636629 0.0139841 0.032526 0.661546 228
0 0.744207 0.398278 0.0201513 0.0520506 0.614021 824
0 0.598346 0.509466 0.01759 0.0381501 0.705022 827
0 0.800882 0.267554 0.0327304 0.0696905 0.416198 828
0 0.111902 0.61659 0.016968 0.0551045 0.690502 829
0 0.274406 0.628125 0.0152987 0.0463008 0.318713 833
0 0.665356 0.471276 0.0453243 0.0873517 0.533232 847
0 0.25467 0.699137 0.0159905 0.0518004 0.513864 852
0 0.84767 0.477194 0.0511443 0.080881 0.361081 861
0 0.871105 0.271652 0.0380712 0.0685437 0.398789 865
0 0.579679 0.5845 0.0235912 0.0570193 0.6265 867
0 0.679635 0.641229 0.0447969 0.115409 0.565481 868
0 0.559372 0.631076 0.0182276 0.043007 0.685453 869
0 0.49834 0.226423 0.0187602 0.0458462 0.65339 870
0 0.714157 0.186435 0.0145367 0.0383531 0.680661 871
0 0.690604 0.18818 0.0188702 0.0452794 0.758694 873
0 0.661498 0.320102 0.0169999 0.0452936 0.726013 874
0 0.443059 0.178634 0.098576 0.196741 0.80259 875
0 0.540812 0.207853 0.02634 0.0761983 0.584377 877
0 0.830525 0.288415 0.0168018 0.0424228 0.565516 879
0 0.720655 0.327754 0.0434587 0.080434 0.473453 886
0 0.634603 0.54857 0.0171206 0.0419846 0.718551 888
0 0.611325 0.542353 0.0203997 0.0392571 0.71258 901
0 0.274726 0.282851 0.0204632 0.0497902 0.746691 902
0 0.343744 0.276509 0.0151674 0.0429727 0.751285 907
0 0.736761 0.229275 0.0153912 0.0376161 0.601737 909
0 0.710661 0.407573 0.0173498 0.0260538 0.57217 917
0 0.75648 0.600241 0.0142913 0.0363906 0.578693 648
0 0.713887 0.440956 0.0159523 0.0251133 0.555504 943
0 0.38101 0.402169 0.01626 0.0294791 0.623938 725
0 0.506538 0.178887 0.0142885 0.0371604 0.74149 945
0 0.956226 0.551286 0.0171856 0.0395206 0.636952 946
0 0.684124 0.518006 0.0167706 0.0439425 0.745779 950
0 0.652515 0.805044 0.0273016 0.0720166 0.49281 59
0 0.509655 0.545263 0.0149909 0.0335993 0.686523 768
0 0.242446 0.298097 0.0179193 0.0445306 0.754214 965
0 0.55592 0.159856 0.0193649 0.0278415 0.646296 968
0 0.886515 0.32279 0.0128578 0.0384014 0.476966 906
0 0.272237 0.211026 0.0562316 0.092103 0.784142 988
0 0.596452 0.158623 0.0315517 0.0750162 0.431376 994
0 0.614857 0.592922 0.0223648 0.0495333 0.642054 1001
0 0.734916 0.179613 0.015627 0.0307096 0.542216 1002
0 0.339733 0.366473 0.0153057 0.0263438 0.421137 1008
0 0.813726 0.12233 0.0959013 0.181013 0.796398 174
0 0.102625 0.374064 0.0808255 0.204022 0.571879 1027
0 0.853096 0.207473 0.0627628 0.0815154 0.697924 1032
0 0.728243 0.132374 0.0433269 0.0649626 0.4365 1041
0 0.513481 0.11294 0.025273 0.0693369 0.634588 1049
0 0.623874 0.502917 0.0146651 0.0339106 0.602782 1053
0 0.374198 0.344289 0.0146994 0.0225575 0.336615 1055
0 0.17256 0.300538 0.0171215 0.0507445 0.76019 1056
0 0.570771 0.221519 0.0159841 0.0444717 0.730835 1057
0 0.828085 0.545567 0.0160836 0.0414249 0.752242 1064
0 0.921817 0.228069 0.0530348 0.083863 0.535962 1065
0 0.20389 0.253194 0.0172671 0.0548852 0.700477 1066
0 0.969523 0.517387 0.0174033 0.0431398 0.715916 1068
0 0.236745 0.627111 0.0166468 0.0415468 0.502978 1073
0 0.227029 0.144478 0.0731139 0.124786 0.680486 1087
0 0.171146 0.23784 0.0199948 0.0578529 0.707544 1119
0 0.677832 0.0891318 0.0258938 0.0592377 0.522606 1122
0 0.456128 0.0271552 0.0433229 0.0543104 0.566279 480
0 0.889581 0.918008 0.025983 0.0538091 0.410142 47
0 0.634799 0.641525 0.020541 0.052853 0.675459 1138
0 0.494763 0.0603981 0.0154731 0.0427883 0.669068 1143
0 0.680636 0.152341 0.0129932 0.0287451 0.618841 1144
0 0.743191 0.060662 0.0251649 0.0704174 0.531768 1153
0 0.325198 0.395171 0.0167209 0.0401423 0.590075 887
0 0.611169 0.734846 0.034894 0.0851249 0.50125 451
0 0.421203 0.760968 0.0148679 0.0446943 0.651276 832
0 0.0540894 0.477192 0.0207826 0.0568642 0.732893 1159
0 0.639874 0.0440255 0.0177911 0.0457951 0.696358 1161
0 0.570906 0.40292 0.0140058 0.0425247 0.68645 706
0 0.869112 0.808307 0.015222 0.0314639 0.447812 1178
0 0.615403 0.106546 0.0246646 0.06441 0.414346 1186
0 0.541646 0.685515 0.0275212 0.0542727 0.318401 27
0 0.31818 0.0684887 0.0941715 0.116196 0.831766 1195
0 0.678695 0.0310123 0.0170397 0.0419156 0.691607 1198
0 0.705382 0.0300199 0.0164209 0.0448414 0.718846 1199
0 0.259316 0.331364 0.0151026 0.0389715 0.700866 1200
0 0.189908 0.207195 0.0141522 0.0334192 0.596316 1202
0 0.13975 0.228552 0.0173306 0.0486782 0.685388 1203
0 0.761507 0.338449 0.0125061 0.033552 0.577967 1204
0 0.892067 0.151167 0.0126389 0.0358476 0.608021 1205
0 0.318601 0.285927 0.0157952 0.0342455 0.450503 830
0 0.31439 0.597583 0.0132684 0.040096 0.531392 744
0 0.753308 0.660538 0.0207352 0.0567596 0.591628 1215
0 0.542495 0.29755 0.0132952 0.0282736 0.53756 1220
0 0.184717 0.167575 0.0160087 0.0434363 0.712275 1221
0 0.0752616 0.565889 0.0472071 0.11867 0.467061 1222
0 0.864974 0.134945 0.0168577 0.0329652 0.413459 1225
0 0.407137 0.183375 0.0211599 0.0641721 0.447281 1226
0 0.690182 0.742703 0.0196535 0.0487029 0.719743 948
0 0.695489 0.379001 0.0106909 0.0326574 0.392208 1132
0 0.717181 0.87982 0.0753032 0.122519 0.331575 63
0 0.341731 0.747764 0.0212209 0.0653364 0.723623 189
0 0.748244 0.498652 0.0126443 0.0278227 0.384363 884
0 0.744916 0.777399 0.021003 0.0564473 0.696217 121
0 0.576632 0.0636791 0.0679322 0.0961278 0.744899 93
0 0.506214 0.98716 0.0170884 0.0254373 0.530123 454
0 0.396998 0.910371 0.0161723 0.0428174 0.702977 910
0 0.896767 0.526954 0.0125266 0.0302852 0.389611 1129
0 0.372329 0.811112 0.0195433 0.0549692 0.553406 54
0 0.399865 0.49295 0.0136942 0.0375631 0.381867 337
0 0.718966 0.637087 0.0150729 0.0403386 0.736174 1045
