0 0.584126 0.511652 0.106143 0.155599 0.771888 274
0 0.67208 0.468596 0.0559239 0.116972 0.413544 386
0 0.446269 0.861585 0.0401216 0.0960715 0.576047 31
0 0.668903 0.809191 0.0312544 0.0847111 0.688087 269
0 0.480419 0.911839 0.0218058 0.0633997 0.382407 563
0 0.864341 0.813179 0.0495728 0.0902454 0.34774 594
0 0.722831 0.759367 0.0176839 0.047936 0.782194 601
0 0.820998 0.734879 0.0198296 0.0487254 0.700803 620
0 0.753176 0.647103 0.10494 0.17682 0.734468 249
0 0.834111 0.774622 0.0227195 0.0458719 0.472324 656
0 0.288461 0.746368 0.030114 0.0931972 0.574432 692
0 0.729136 0.872749 0.0247686 0.0728959 0.714349 219
0 0.372627 0.627349 0.0203082 0.045894 0.560534 711
0 0.500675 0.568739 0.0189483 0.0446499 0.769852 717
0 0.551097 0.664006 0.0228624 0.0630006 0.710224 806
0 0.89984 0.598661 0.14541 0.215155 0.788636 811
0 0.665819 0.719142 0.0213025 0.0667929 0.683008 302
0 0.687752 0.635448 0.0182975 0.0515625 0.573052 824
0 0.770764 0.440021 0.0179572 0.0583674 0.763654 828
0 0.610569 0.718358 0.0295776 0.0829342 0.677654 847
0 0.827464 0.464304 0.0565071 0.111508 0.649724 865
0 0.479272 0.54348 0.0195068 0.0440051 0.756071 870
0 0.657941 0.378608 0.0227277 0.0548696 0.633013 873
0 0.407072 0.24577 0.0545452 0.104941 0.810717 874
0 0.41439 0.577938 0.0511632 0.101737 0.435339 875
0 0.501166 0.472967 0.0424802 0.0896316 0.361353 877
0 0.780356 0.51497 0.0215446 0.0611513 0.638436 879
0 0.693071 0.523337 0.041778 0.086725 0.376678 886
0 0.231565 0.674119 0.0139581 0.053061 0.475562 902
0 0.705982 0.400916 0.0194289 0.0497131 0.661867 909
0 0.641699 0.721854 0.0185073 0.0376524 0.51459 943
0 0.46354 0.500667 0.0153159 0.0443782 0.740871 945
0 0.819897 0.547696 0.0167391 0.0462641 0.615179 906
0 0.55854 0.347974 0.0539014 0.10587 0.472507 994
0 0.781189 0.279968 0.114267 0.224355 0.865041 174
0 0.0795476 0.659329 0.0477059 0.126469 0.537342 1027
0 0.478779 0.383072 0.056821 0.0990352 0.704366 1049
0 0.5432 0.434433 0.0195262 0.0488001 0.647117 1057
0 0.775613 0.78802 0.0165015 0.0547302 0.677143 1064
0 0.901815 0.363736 0.0430515 0.0892481 0.483339 1065
0 0.202323 0.564937 0.0327975 0.0765689 0.482334 1066
0 0.172385 0.479468 0.0227634 0.0749713 0.567759 1087
0 0.143498 0.532549 0.0183806 0.0585866 0.527872 1119
0 0.642578 0.280013 0.0271188 0.06288 0.48096 1122
0 0.468808 0.102893 0.0631989 0.0957663 0.676285 480
0 0.483531 0.244964 0.016674 0.0426976 0.653975 1143
0 0.733059 0.183191 0.0277884 0.0756716 0.485055 1153
0 0.613092 0.236524 0.0187706 0.0544393 0.747028 1161
0 0.577488 0.296622 0.0224446 0.0502924 0.349724 1186
0 0.372494 0.335897 0.0651335 0.124095 0.727718 1195
0 0.657407 0.205828 0.0174458 0.0506161 0.845863 1198
0 0.290793 0.588938 0.0943666 0.146802 0.821218 1202
0 0.734908 0.515822 0.0218558 0.0504314 0.680896 1204
0 0.872576 0.259184 0.0158378 0.0412939 0.654501 1205
0 0.146795 0.430193 0.0174105 0.0566266 0.639375 1221
0 0.955905 0.734527 0.0265627 0.0636007 0.621916 1239
0 0.528034 0.18011 0.0558858 0.0966269 0.753592 1247
0 0.548076 0.249596 0.0803925 0.0935746 0.633604 93
0 0.764071 0.170615 0.0149736 0.043788 0.535668 1254
0 0.239104 0.273612 0.0849121 0.128351 0.786679 1255
0 0.620919 0.124621 0.0590939 0.121337 0.742009 1258
0 0.392027 0.229621 0.0192285 0.0487806 0.686643 1264
0 0.411334 0.185566 0.020422 0.0526415 0.624694 1267
0 0.719116 0.132417 0.0159608 0.0351774 0.655151 1285
0 0.746166 0.130925 0.014608 0.0284916 0.633372 1287
0 0.432165 0.231134 0.0271753 0.0632138 0.45519 1304
0 0.481559 0.183996 0.0221977 0.0656652 0.530418 1312
0 0.116646 0.467603 0.023069 0.0804051 0.523617 1328
0 0.578535 0.172301 0.0152129 0.0423087 0.678169 1334
0 0.341228 0.492496 0.021481 0.0580086 0.564093 1226
0 0.69529 0.0845442 0.0551089 0.106115 0.720965 1345
0 0.325527 0.158216 0.0179397 0.0503911 0.731482 1393
0 0.939053 0.298851 0.0149339 0.0485394 0.594602 1414
0 0.691771 0.274334 0.0196798 0.0545121 0.706068 1420
0 0.577345 0.122516 0.0147426 0.0396648 0.56605 1425
0 0.766288 0.121524 0.015167 0.0403114 0.584525 1428
0 0.400087 0.134531 0.020834 0.0526615 0.596528 1429
0 0.742853 0.0846169 0.0181534 0.0524879 0.652265 1442
0 0.967726 0.458065 0.0196519 0.0443154 0.635859 1447
0 0.646036 0.343798 0.0149345 0.0320696 0.561463 1144
0 0.896181 0.737466 0.0156348 0.0426313 0.720998 946
0 0.694771 0.330398 0.0280439 0.0548153 0.475005 1041
0 0.453683 0.305421 0.0214851 0.0588981 0.672812 1365
0 0.346321 0.282983 0.0160022 0.0503901 0.644581 1469
0 0.317577 0.231493 0.0202699 0.0572773 0.584825 1470
0 0.163269 0.366759 0.0170919 0.0539317 0.713714 1472
0 0.303446 0.463834 0.0290437 0.0645326 0.434813 1473
0 0.854493 0.28291 0.0214776 0.0388344 0.587443 1482
0 0.691905 0.173321 0.0212473 0.0470279 0.495932 1199
0 0.194861 0.403367 0.0146162 0.0497455 0.436034 1490
0 0.100519 0.763322 0.0280689 0.108279 0.322094 1496
0 0.337595 0.194013 0.0149575 0.0333574 0.412474 1498
0 0.224433 0.435584 0.0251807 0.0729714 0.593796 1266
0 0.83789 0.35245 0.0717943 0.102378 0.389785 1032
0 0.633729 0.377072 0.0134892 0.0392747 0.462852 1431
0 0.878964 0.448359 0.0173111 0.0435518 0.689795 1514
0 0.590821 0.0489396 0.0541131 0.0859756 0.701815 1515
0 0.972502 0.78565 0.0180625 0.0426837 0.719344 1516
0 0.181412 0.267117 0.0194291 0.0494674 0.360935 1521
0 0.263945 0.198191 0.0199234 0.0529187 0.511446 1525
0 0.17476 0.65305 0.0160617 0.0567436 0.647706 705
0 0.715709 0.822146 0.0235244 0.0625898 0.632378 648
0 0.298777 0.187015 0.015741 0.0443249 0.488935 1415
0 0.35919 0.0423859 0.0564906 0.0847717 0.672093 907
0 0.434167 0.0542115 0.070419 0.0941822 0.762746 1537
0 0.222179 0.517205 0.0163601 0.0575926 0.641215 1538
0 0.81704 0.129763 0.0192203 0.0530293 0.579804 1552
0 0.0652144 0.54809 0.0163847 0.0616983 0.614701 1352
0 0.255454 0.476843 0.041022 0.0859174 0.598335 988
0 0.458086 0.679708 0.0258438 0.0805243 0.569157 625
0 0.325018 0.361201 0.018744 0.0637933 0.44227 1056
0 0.530406 0.0441367 0.0384667 0.0740351 0.412686 1562
0 0.985736 0.696951 0.0154584 0.0415068 0.713834 1563
0 0.988773 0.570517 0.0122815 0.0313753 0.478302 1564
0 0.321531 0.72198 0.0165289 0.051744 0.535228 1566
0 0.390543 0.419195 0.0340834 0.0787552 0.467921 1567
0 0.876277 0.898087 0.125393 0.144462 0.387335 784
0 0.314882 0.835439 0.0154257 0.0551148 0.337829 919
0 0.912903 0.695818 0.018504 0.0455687 0.729336 1068
0 0.918376 0.764162 0.014683 0.0411853 0.69797 1583
0 0.665647 0.156159 0.0144752 0.0409434 0.692195 1584
0 0.0766918 0.458624 0.0414925 0.12159 0.593137 1589
0 0.260106 0.410648 0.0164602 0.0497901 0.697062 1602
0 0.506465 0.821304 0.0196722 0.050856 0.310515 721
0 0.731124 0.55791 0.0172341 0.034725 0.538109 1085
0 0.515901 0.665007 0.0236232 0.0550645 0.675563 1220
0 0.537041 0.837655 0.0277144 0.063744 0.654491 827
0 0.576223 0.898493 0.0246228 0.0799165 0.539426 1001
0 0.462923 0.815916 0.0220656 0.0343884 0.353455 912
0 0.493783 0.282834 0.0130219 0.034514 0.653572 1359
0 0.608943 0.379805 0.0194062 0.0506552 0.595514 1402
0 0.438045 0.769075 0.0300377 0.0769379 0.349347 1207
0 0.372748 0.891333 0.0232922 0.0705673 0.465766 627
0 0.348966 0.848842 0.0230496 0.0595375 0.545464 337
0 0.250048 0.765702 0.01831 0.0487222 0.694079 1372
0 0.360972 0.789555 0.0183107 0.0511935 0.627867 775
0 0.205149 0.70361 0.0205576 0.0727835 0.475667 965
0 0.586204 0.340057 0.0143001 0.0288113 0.332865 1336
0 0.573468 0.793397 0.0227921 0.0737592 0.448729 1354
0 0.576404 0.702345 0.0169028 0.0342251 0.605551 888
0 0.510825 0.468288 0.0193916 0.0563189 0.349739 710
0 0.388335 0.806152 0.0204478 0.0682864 0.383921 805
0 0.327594 0.638854 0.0228336 0.0679071 0.61004 704
0 0.868851 0.748632 0.0127708 0.02852 0.39156 780
0 0.801506 0.670048 0.0278075 0.0763115 0.494536 861
0 0.651333 0.638678 0.022311 0.0617854 0.626995 917
0 0.703724 0.172034 0.0265347 0.0515022 0.374568 1293
0 0.37301 0.26415 0.0159828 0.0371474 0.491963 1277
0 0.362906 0.687026 0.0215862 0.0576138 0.62601 630
0 0.614666 0.804727 0.0280542 0.070685 0.551077 950
