0 0.601387 0.588073 0.049475 0.0693321 0.453321 13
0 0.800769 0.677126 0.015191 0.041654 0.728051 60
0 0.722128 0.783361 0.10118 0.140325 0.711854 63
0 0.847594 0.63729 0.052617 0.0905184 0.568568 80
0 0.629219 0.806592 0.0462606 0.0954816 0.458925 95
0 0.359436 0.0618899 0.102084 0.12378 0.816889 98
0 0.558612 0.837175 0.0212835 0.0454525 0.679422 102
0 0.964562 0.79228 0.0631351 0.0916297 0.562902 185
0 0.336909 0.674241 0.0826542 0.137048 0.77444 189
0 0.809665 0.620289 0.0203544 0.0464041 0.655392 260
0 0.622177 0.226127 0.0958403 0.160367 0.841264 274
0 0.559102 0.702889 0.0194579 0.0457166 0.580091 299
0 0.850918 0.556472 0.0201662 0.051085 0.586245 312
0 0.33024 0.412922 0.103753 0.125193 0.757785 329
0 0.591567 0.852358 0.0158318 0.0350323 0.528875 370
0 0.455727 0.738674 0.0179517 0.0420284 0.681846 380
0 0.707133 0.216209 0.0482422 0.0891377 0.524498 386
0 0.505322 0.776713 0.0779305 0.148382 0.723364 3
0 0.671064 0.509438 0.0206778 0.0524997 0.565169 101
0 0.575677 0.653981 0.0186655 0.0445091 0.625264 448
0 0.565083 0.773829 0.0221132 0.0593015 0.547867 455
0 0.706469 0.490523 0.0193739 0.0454598 0.647214 456
0 0.366907 0.799707 0.0218667 0.0539053 0.781871 465
0 0.537163 0.854978 0.0147323 0.0372342 0.545281 140
0 0.728514 0.623424 0.0743959 0.105405 0.66461 92
0 0.434224 0.36135 0.0221456 0.0513605 0.691462 514
0 0.786209 0.495963 0.0169598 0.0432737 0.717988 521
0 0.616906 0.693883 0.0621302 0.135102 0.43037 523
0 0.524878 0.334212 0.0935014 0.163768 0.809305 31
0 0.745958 0.499444 0.0362392 0.0668214 0.418116 269
0 0.425638 0.550513 0.0746556 0.198093 0.774095 562
0 0.559127 0.398806 0.0576125 0.0967282 0.577306 563
0 0.673506 0.634204 0.017738 0.0417643 0.70204 582
0 0.945866 0.616136 0.101674 0.156316 0.827302 594
0 0.575417 0.458165 0.0211128 0.0511036 0.635075 225
0 0.813874 0.453739 0.0208906 0.0574881 0.653764 272
0 0.464899 0.656606 0.0194805 0.0517641 0.733114 600
0 0.783936 0.439119 0.0168542 0.040587 0.734434 601
0 0.489466 0.539062 0.0211321 0.0454299 0.573123 603
0 0.194932 0.359263 0.102232 0.213048 0.76839 604
0 0.878935 0.472395 0.0166203 0.0381805 0.706926 620
0 0.23916 0.574419 0.0230334 0.0520384 0.529497 624
0 0.469874 0.255886 0.059117 0.114707 0.727571 625
0 0.477632 0.487207 0.0184852 0.0563097 0.522784 627
0 0.422279 0.308108 0.0195888 0.0454052 0.710778 630
0 0.533067 0.52347 0.0475903 0.0974944 0.543806 14
0 0.823047 0.349508 0.0996265 0.118259 0.824755 249
0 0.890043 0.515466 0.0185645 0.0485519 0.683636 656
0 0.131897 0.538219 0.0183171 0.0547899 0.74308 670
0 0.209629 0.629371 0.0297264 0.0743435 0.536974 673
0 0.878845 0.563217 0.0155027 0.0363139 0.650416 674
0 0.0781171 0.603921 0.0311169 0.0667266 0.398507 675
0 0.499391 0.487515 0.0187517 0.0367649 0.593964 682
0 0.136785 0.612461 0.0572502 0.090442 0.517614 687
0 0.351448 0.237241 0.0528605 0.104535 0.423701 692
0 0.497617 0.613142 0.0277528 0.0828441 0.349013 700
0 0.807991 0.538897 0.034168 0.0582393 0.430572 219
0 0.2748 0.716314 0.0280987 0.0658141 0.37832 476
0 0.371778 0.304603 0.0153186 0.0280654 0.740892 704
0 0.280211 0.301963 0.0173463 0.0509715 0.693048 709
0 0.560238 0.2064 0.0177826 0.0425474 0.74936 710
0 0.41622 0.258687 0.0182053 0.0397504 0.604881 711
0 0.354673 0.333965 0.0159406 0.0320197 0.709222 712
0 0.303085 0.236089 0.0328618 0.0842127 0.547674 713
0 0.22406 0.479814 0.0275318 0.0538249 0.600325 715
0 0.510792 0.432723 0.0159761 0.0335225 0.665517 716
0 0.519022 0.217113 0.0192165 0.04648 0.618032 717
0 0.694527 0.697385 0.0192136 0.0433532 0.616882 718
0 0.191186 0.537829 0.0228855 0.0687269 0.702272 729
0 0.390721 0.490675 0.0184862 0.0383551 0.57527 732
0 0.258657 0.62819 0.0216784 0.0580944 0.549371 733
0 0.219363 0.710131 0.0194484 0.0504185 0.642568 765
0 0.870528 0.372707 0.0154266 0.0324017 0.576077 369
0 0.33823 0.53879 0.068026 0.118063 0.620615 775
0 0.920125 0.513735 0.0165428 0.0388338 0.680117 780
0 0.889688 0.6859 0.0230416 0.0435884 0.604488 785
0 0.448819 0.411238 0.0256071 0.0567711 0.552434 805
0 0.644705 0.343233 0.0833148 0.112263 0.725029 806
0 0.945205 0.370484 0.100385 0.213946 0.816207 811
0 0.17815 0.624306 0.0157616 0.0463895 0.668972 819
0 0.735351 0.42259 0.0438934 0.0699306 0.480589 302
0 0.865629 0.737082 0.0337091 0.0737092 0.615737 467
0 0.383315 0.688498 0.0159637 0.0420252 0.722781 477
0 0.271113 0.485631 0.0178894 0.0465169 0.743741 327
0 0.77928 0.588695 0.0152281 0.040912 0.676703 228
0 0.75166 0.349949 0.0198566 0.0525773 0.714716 824
0 0.60896 0.446886 0.0179596 0.0365172 0.704513 827
0 0.808622 0.230636 0.0320439 0.0638894 0.465735 828
0 0.0941351 0.441363 0.0654867 0.129188 0.72441 829
0 0.285056 0.525136 0.0170739 0.0402992 0.503808 833
0 0.82893 0.599004 0.0140195 0.0309215 0.584396 840
0 0.67613 0.406043 0.0438557 0.0839948 0.564505 847
0 0.269784 0.577841 0.0165453 0.0422591 0.724788 852
0 0.861054 0.425465 0.0501347 0.085333 0.330626 861
0 0.879503 0.23368 0.0251741 0.058807 0.65165 865
0 0.592529 0.511847 0.022271 0.0482935 0.71322 867
0 0.696469 0.565494 0.0324617 0.0744375 0.469397 868
0 0.568813 0.547619 0.0182164 0.0375438 0.695024 869
0 0.502902 0.159752 0.0182744 0.0357469 0.539565 870
0 0.72106 0.143115 0.0137125 0.0376279 0.681485 871
0 0.69823 0.140348 0.0192012 0.045804 0.729985 873
0 0.668761 0.267202 0.0174014 0.0438095 0.661634 874
0 0.446377 0.111917 0.0951868 0.184028 0.824554 875
0 0.54686 0.154576 0.03012 0.0710711 0.526875 877
0 0.83953 0.247863 0.0160565 0.0418172 0.647559 879
0 0.730534 0.280714 0.0389468 0.0706781 0.469496 886
0 0.64908 0.481609 0.0173694 0.0382231 0.795347 888
0 0.626907 0.473158 0.0197858 0.0377299 0.679258 901
0 0.281271 0.212841 0.0145489 0.0355065 0.632151 902
0 0.289688 0.565352 0.0140196 0.0308917 0.627338 907
0 0.743163 0.186964 0.0150438 0.0365575 0.630494 909
0 0.718554 0.355282 0.0161266 0.0287059 0.69771 917
0 0.764885 0.545107 0.0139677 0.0393802 0.682786 648
0 0.721846 0.388688 0.0151968 0.0270815 0.545486 943
0 0.390656 0.319752 0.015181 0.0329311 0.613148 725
0 0.511207 0.119579 0.0151511 0.0355021 0.696932 945
0 0.966923 0.509362 0.0170639 0.0403198 0.641555 946
0 0.693157 0.459174 0.0165257 0.0363586 0.758637 950
0 0.669583 0.704988 0.0240293 0.0713935 0.550378 59
0 0.523039 0.466649 0.0148988 0.034062 0.695166 768
0 0.257959 0.225647 0.0153657 0.0421121 0.726667 965
0 0.561914 0.105491 0.018789 0.0340325 0.573907 968
0 0.205921 0.572659 0.0131373 0.027563 0.491127 973
0 0.147872 0.497161 0.0153224 0.0422143 0.671569 790
0 0.897349 0.276923 0.013349 0.0380804 0.629325 906
0 0.278993 0.147242 0.0568367 0.100778 0.708047 988
0 0.602577 0.106443 0.0319488 0.0726738 0.564367 994
0 0.626575 0.525779 0.0215863 0.0499857 0.544209 1001
0 0.740326 0.139403 0.0129787 0.0298557 0.571441 1002
0 0.337395 0.310601 0.0297389 0.0588033 0.310022 1008
0 0.82151 0.0921632 0.0879728 0.156314 0.779939 174
0 0.170045 0.498011 0.0124598 0.0343183 0.375608 1025
0 0.118149 0.293601 0.0597901 0.123615 0.643547 1027
0 0.860421 0.167587 0.06342 0.0831941 0.660895 1032
0 0.219543 0.535566 0.0145427 0.0385751 0.68569 1040
0 0.734181 0.0922162 0.0404404 0.0583747 0.543015 1041
0 0.724349 0.551082 0.0139018 0.0309364 0.378741 1045
0 0.987064 0.760315 0.0106697 0.0272652 0.451748 1047
0 0.622359 0.616784 0.0163739 0.0279446 0.617038 1048
0 0.519439 0.0586126 0.0287997 0.0691128 0.558205 1049
0 0.636809 0.435083 0.0145443 0.0309495 0.414065 1053
0 0.382119 0.278138 0.0141403 0.024514 0.590914 1055
0 0.172544 0.221241 0.0186937 0.0499942 0.77138 1056
0 0.576467 0.167006 0.0128907 0.0361015 0.524055 1057
0 0.52957 0.694454 0.0129673 0.0356831 0.651542 1059
0 0.531898 0.624811 0.0567106 0.0990419 0.311648 27
0 0.837356 0.49458 0.0157762 0.0416457 0.669955 1064
0 0.922548 0.195146 0.0215897 0.0545995 0.487112 1065
0 0.200912 0.173371 0.0197618 0.068154 0.717318 1066
0 0.97977 0.475604 0.0181628 0.042396 0.757091 1068
0 0.243317 0.523445 0.0172562 0.0363809 0.668806 1073
0 0.277443 0.650877 0.012185 0.0346719 0.36847 1075
0 0.615923 0.172052 0.0518333 0.055987 0.768678 1076
0 0.77714 0.271788 0.0127334 0.0387019 0.517873 1085
0 0.421878 0.913514 0.0172358 0.0424273 0.603777 517
0 0.39586 0.898591 0.0145794 0.0411977 0.515689 424
0 0.0915177 0.777133 0.0156481 0.0381379 0.608164 776
0 0.817264 0.579607 0.0133559 0.0200314 0.479576 999
0 0.237402 0.0978736 0.0451187 0.076097 0.556145 1087
0 0.301925 0.60618 0.0145346 0.0443583 0.454394 1089
0 0.340626 0.828892 0.01891 0.0537189 0.811396 170
0 0.405571 0.782126 0.0296613 0.0524947 0.406262 910
0 0.412536 0.871868 0.0168724 0.0361264 0.612285 534
0 0.553985 0.218814 0.0345547 0.0375117 0.525974 800
0 0.92837 0.710131 0.0121299 0.0337855 0.400982 72
0 0.553476 0.910143 0.019826 0.0472184 0.597415 127
0 0.423066 0.742872 0.0179949 0.0439873 0.665173 1116
0 0.173912 0.16026 0.0156924 0.0432493 0.704386 1119
0 0.320269 0.614186 0.011614 0.0360221 0.421775 1120
0 0.684831 0.0345077 0.0231124 0.0593297 0.511127 1122
0 0.906483 0.480348 0.0118968 0.0301569 0.399472 1129
0 0.704001 0.326378 0.0105801 0.0321171 0.375918 1132
0 0.418034 0.102947 0.0222999 0.0937067 0.332079 480
0 0.065854 0.663491 0.0181181 0.0490435 0.667785 972
0 0.758159 0.447206 0.0110587 0.0212096 0.435031 884
0 0.877205 0.835452 0.0609254 0.117434 0.676534 47
0 0.448979 0.930025 0.0181971 0.0444313 0.682481 343
0 0.52065 0.945015 0.0165879 0.0380865 0.637719 533
0 0.503046 0.932057 0.0158926 0.0392138 0.649022 507
0 0.675282 0.973849 0.0137801 0.0401164 0.464402 56
0 0.334801 0.317149 0.0197587 0.0413082 0.447089 887
0 0.371058 0.492605 0.0115524 0.0325446 0.474492 919
0 0.542707 0.929785 0.0144831 0.0267488 0.652624 139
0 0.63196 0.920936 0.012835 0.0363631 0.348514 300
0 0.626675 0.664301 0.0296102 0.0597422 0.313521 451
0 0.537096 0.110363 0.0233384 0.0294162 0.331211 6
0 0.157385 0.742506 0.0327072 0.0644898 0.591922 628
0 0.434945 0.669984 0.0119774 0.0362867 0.380287 832
0 0.301266 0.867575 0.0132723 0.0417515 0.643299 990
0 0.0513947 0.538262 0.0154771 0.0435401 0.566662 1019
0 0.449579 0.853939 0.0159188 0.0386017 0.451344 89
