0 0.839824 0.731964 0.0518732 0.0981302 0.589243 80
0 0.325927 0.214022 0.108253 0.210482 0.633051 260
0 0.601692 0.346413 0.10356 0.173175 0.855358 274
0 0.833947 0.659188 0.023997 0.0500289 0.391135 312
0 0.303521 0.629897 0.0759371 0.149624 0.6162 329
0 0.692575 0.335353 0.0491147 0.132411 0.530464 386
0 0.643765 0.642718 0.0221039 0.060385 0.614508 101
0 0.682508 0.634774 0.0223865 0.0581611 0.660188 456
0 0.40569 0.545064 0.0266434 0.0608355 0.461343 514
0 0.488848 0.524785 0.103041 0.186819 0.809878 31
0 0.733012 0.62452 0.0526234 0.0784775 0.382056 269
0 0.520436 0.595921 0.0599968 0.122858 0.613651 563
0 0.938535 0.711174 0.111965 0.161233 0.829001 594
0 0.548934 0.64112 0.0230525 0.0591295 0.663855 225
0 0.791698 0.560739 0.021774 0.0578741 0.383075 272
0 0.763232 0.553176 0.0164506 0.0420618 0.665597 601
0 0.455064 0.746479 0.0169617 0.0477532 0.571178 603
0 0.182834 0.518752 0.0969882 0.212326 0.709966 604
0 0.8631 0.568793 0.0175684 0.0395713 0.700193 620
0 0.464744 0.402173 0.0577541 0.095068 0.555938 625
0 0.396612 0.491607 0.0206224 0.0495139 0.643854 630
0 0.502783 0.725806 0.0544612 0.122429 0.534485 14
0 0.79924 0.455652 0.0993871 0.133306 0.837872 249
0 0.87578 0.614644 0.0175145 0.0513535 0.331005 656
0 0.861156 0.666031 0.0138382 0.0363641 0.381868 674
0 0.465418 0.691806 0.0177235 0.0468117 0.629905 682
0 0.333837 0.401813 0.059181 0.103935 0.689932 692
0 0.457434 0.830137 0.0234093 0.0688165 0.532459 700
0 0.784759 0.64974 0.0514222 0.0894854 0.511666 219
0 0.356998 0.471175 0.0156401 0.0326492 0.618669 704
0 0.273611 0.475503 0.0167849 0.0421482 0.636782 709
0 0.541324 0.327606 0.0193175 0.0451071 0.703278 710
0 0.397811 0.439238 0.0197234 0.0443858 0.58722 711
0 0.331239 0.482169 0.019567 0.052211 0.702447 712
0 0.292591 0.39631 0.019656 0.0429761 0.404693 713
0 0.214369 0.705462 0.0266701 0.0694147 0.413102 715
0 0.471209 0.640928 0.0151828 0.0352543 0.406718 716
0 0.514369 0.361319 0.0207339 0.0530245 0.750973 717
0 0.696368 0.871848 0.0208806 0.0492807 0.613941 718
0 0.850979 0.468047 0.017116 0.0334862 0.641254 369
0 0.902663 0.604598 0.0151691 0.0414969 0.678481 780
0 0.405198 0.612918 0.0218117 0.0530497 0.496958 805
0 0.61853 0.475129 0.0992326 0.127318 0.791867 806
0 0.93442 0.442754 0.118595 0.233899 0.850329 811
0 0.715371 0.546301 0.0428913 0.0904842 0.564265 302
0 0.851359 0.846545 0.018121 0.0449652 0.750202 467
0 0.729103 0.462605 0.0197655 0.0539352 0.567929 824
0 0.580771 0.588066 0.0178 0.0418076 0.490851 827
0 0.790551 0.313383 0.043838 0.082963 0.39321 828
0 0.255289 0.762943 0.0193255 0.0606761 0.373651 833
0 0.651211 0.545772 0.0534908 0.0946714 0.596302 847
0 0.836416 0.529162 0.0500534 0.089502 0.453542 861
0 0.865303 0.315403 0.0366138 0.0749213 0.491027 865
0 0.557998 0.697634 0.0186438 0.0556139 0.69397 867
0 0.66114 0.705212 0.0237543 0.0625649 0.46315 868
0 0.545436 0.762203 0.014457 0.0413189 0.638363 869
0 0.489824 0.314886 0.0185518 0.0502972 0.749359 870
0 0.681822 0.240559 0.0204292 0.0478115 0.730066 873
0 0.655751 0.381186 0.0179099 0.0491278 0.712654 874
0 0.431868 0.265186 0.0896588 0.200036 0.757993 875
0 0.532626 0.257318 0.0257629 0.0617903 0.450499 877
0 0.822119 0.332499 0.0172278 0.0453788 0.729839 879
0 0.715657 0.383327 0.0410878 0.0862938 0.538017 886
0 0.615789 0.613753 0.0189319 0.0322177 0.663277 888
0 0.585306 0.639754 0.0215128 0.0563678 0.583777 901
0 0.265231 0.36768 0.01982 0.0547933 0.620738 902
0 0.731211 0.276624 0.0178041 0.0394438 0.705448 909
0 0.695269 0.476398 0.0167088 0.0305326 0.548862 917
0 0.744587 0.669213 0.0139601 0.0341983 0.595127 648
0 0.700043 0.510946 0.0166122 0.0277296 0.57084 943
0 0.369131 0.500857 0.0167559 0.0370822 0.720867 725
0 0.491691 0.259016 0.0141508 0.0406184 0.701561 945
0 0.946048 0.592629 0.0166514 0.0402287 0.58535 946
0 0.670122 0.598005 0.01687 0.0425896 0.743802 950
0 0.411354 0.619056 0.0179038 0.047594 0.793626 59
0 0.487236 0.674281 0.0157101 0.0404251 0.382762 768
0 0.548502 0.21425 0.0195227 0.0334545 0.436651 968
0 0.869559 0.376096 0.013667 0.0386865 0.654125 906
0 0.263359 0.289462 0.0563653 0.0929967 0.698577 988
0 0.588973 0.211676 0.0294978 0.0716856 0.492073 994
0 0.603261 0.68824 0.0177666 0.0413518 0.522495 1001
0 0.72643 0.232138 0.0143253 0.02907 0.416959 1002
0 0.807017 0.161773 0.112065 0.21253 0.832113 174
0 0.0963581 0.461175 0.0813837 0.202295 0.668434 1027
0 0.848555 0.23927 0.0700552 0.0958376 0.601593 1032
0 0.721037 0.191365 0.0269212 0.0492212 0.302603 1041
0 0.501269 0.186373 0.0303794 0.0748111 0.52034 1049
0 0.60831 0.581259 0.0152303 0.0331113 0.499001 1053
0 0.162324 0.375689 0.0164683 0.0489657 0.725047 1056
0 0.561573 0.282323 0.0170742 0.0466064 0.748196 1057
0 0.818549 0.598302 0.0156548 0.0396775 0.714054 1064
0 0.917696 0.244323 0.0258954 0.0601813 0.331418 1065
0 0.192387 0.325248 0.0194173 0.0534736 0.435047 1066
0 0.960367 0.558681 0.0173643 0.0418755 0.672929 1068
0 0.214177 0.218848 0.0614584 0.128893 0.722789 1087
0 0.159268 0.31512 0.0173661 0.0507692 0.560245 1119
0 0.671314 0.141896 0.0360743 0.0661084 0.591391 1122
0 0.471493 0.0349041 0.0266115 0.0414732 0.442375 480
0 0.879138 0.935928 0.0177858 0.0457543 0.752068 47
0 0.619508 0.737494 0.0162802 0.0495462 0.618232 1138
0 0.475775 0.138437 0.0187595 0.0477691 0.71613 1143
0 0.673046 0.204728 0.0133047 0.0281053 0.528586 1144
0 0.742528 0.0786039 0.0234897 0.0619255 0.530967 1153
0 0.634374 0.0935218 0.0185951 0.049764 0.725352 1161
0 0.605053 0.156684 0.0276323 0.060303 0.367611 1186
0 0.509994 0.808884 0.0229713 0.057516 0.659459 27
0 0.305715 0.124428 0.0977159 0.162418 0.744464 1195
0 0.675747 0.0745651 0.0189817 0.0501131 0.736122 1198
0 0.70106 0.0715878 0.0130837 0.0415112 0.33967 1199
0 0.177949 0.281896 0.0151939 0.0334014 0.672779 1202
0 0.123845 0.313858 0.0257721 0.0642659 0.479386 1203
0 0.754705 0.38433 0.0157741 0.0428668 0.690805 1204
0 0.890021 0.174689 0.0137026 0.0389299 0.652691 1205
0 0.310186 0.368338 0.0166557 0.0386833 0.634854 830
0 0.73395 0.741658 0.0317996 0.0649716 0.477717 1215
0 0.169329 0.236709 0.018561 0.0630734 0.435049 1221
0 0.689512 0.92376 0.0128359 0.0405884 0.453862 63
0 0.741264 0.569638 0.0154228 0.0274787 0.666332 884
0 0.72282 0.911602 0.0262028 0.0599419 0.54156 121
0 0.993988 0.608668 0.0120232 0.0509308 0.684195 1239
0 0.802426 0.784319 0.0182397 0.0367678 0.737822 1245
0 0.537776 0.0477493 0.0548054 0.0866739 0.707472 1247
0 0.566762 0.0920365 0.0732996 0.0969649 0.740072 93
0 0.888729 0.573184 0.0132781 0.028775 0.403382 1129
0 0.38753 0.592247 0.0146179 0.0370407 0.536764 337
0 0.699613 0.741596 0.0174111 0.035629 0.551198 1045
0 0.772771 0.0709454 0.0153679 0.0379652 0.680541 1254
0 0.247471 0.105204 0.0653139 0.0960872 0.400435 1255
0 0.566431 0.543553 0.0139825 0.0337299 0.365009 1256
0 0.623259 0.0268395 0.0672789 0.0482808 0.702681 1258
0 0.388953 0.0925102 0.0158081 0.0441966 0.546953 1264
0 0.259196 0.212457 0.0122914 0.0382397 0.521471 1266
0 0.415328 0.0563811 0.0183006 0.0473538 0.610559 1267
0 0.767687 0.733682 0.0171739 0.0302745 0.721643 60
0 0.365553 0.120073 0.0173889 0.0513729 0.759592 1277
0 0.0859038 0.636598 0.0165875 0.0622354 0.456771 1281
0 0.774171 0.907785 0.0184627 0.0504593 0.762105 1282
0 0.727137 0.0351539 0.0139683 0.0337944 0.615489 1285
0 0.752829 0.0360524 0.0136196 0.0308247 0.704331 1287
0 0.718452 0.0725702 0.0175124 0.0387122 0.422552 1293
0 0.703358 0.447209 0.0129983 0.0284829 0.378353 1296
0 0.559384 0.829307 0.0280145 0.0895911 0.488721 13
0 0.895581 0.858447 0.0195759 0.0455496 0.628973 1300
0 0.76392 0.77406 0.0155759 0.0297669 0.644703 1301
0 0.432624 0.105942 0.0410104 0.0763488 0.651543 1304
0 0.526307 0.30786 0.0141544 0.0297981 0.456212 1308
0 0.991773 0.4977 0.0157203 0.0482787 0.339528 1311
0 0.479728 0.0679081 0.0316946 0.0677231 0.361868 1312
0 0.794822 0.712019 0.0186063 0.0397511 0.676013 999
0 0.761075 0.705763 0.013666 0.0265798 0.354167 228
0 0.530423 0.403093 0.0135215 0.0334101 0.672579 1220
0 0.906192 0.913448 0.0155486 0.0415633 0.690325 1316
0 0.728841 0.686327 0.0159532 0.035941 0.618227 1317
0 0.585802 0.757694 0.0133303 0.0374805 0.595359 1318
0 0.879234 0.842491 0.0154729 0.0359012 0.712703 1320
0 0.0636621 0.63449 0.0149664 0.050373 0.502844 1322
0 0.952374 0.868585 0.0158654 0.0411682 0.645545 1325
0 0.139601 0.255237 0.0169235 0.0544577 0.603733 1328
0 0.537086 0.189941 0.0120979 0.0262755 0.541519 1332
0 0.588268 0.0416296 0.013381 0.0344537 0.624638 1334
0 0.612318 0.190606 0.0180266 0.028986 0.400395 1336
0 0.802936 0.361915 0.0132008 0.0336245 0.505866 1340
0 0.117582 0.656396 0.0241798 0.07429 0.793563 790
0 0.394492 0.270149 0.0194031 0.0635879 0.393065 1226
0 0.499924 0.860458 0.0162318 0.0421477 0.573748 1059
0 0.715394 0.145128 0.0198486 0.0439422 0.670605 23
0 0.444115 0.869543 0.0323911 0.0565719 0.427173 855
0 0.285617 0.730065 0.0127768 0.0412721 0.54973 744
0 0.492418 0.914427 0.014015 0.0387903 0.359443 3
0 0.399211 0.688854 0.0274426 0.07111 0.653563 562
0 0.43283 0.689236 0.0157426 0.0365077 0.567049 627
0 0.326658 0.730845 0.016124 0.0373187 0.448708 732
0 0.820047 0.807351 0.019753 0.04261 0.472399 733
0 0.238765 0.369677 0.0149053 0.0422149 0.721729 965
0 0.788804 0.752431 0.0175145 0.0354548 0.565642 1132
0 0.834845 0.879955 0.01611 0.0369583 0.701871 1178
