0 0.794066 0.743853 0.12833 0.192322 0.803648 1
0 0.253554 0.579966 0.0244624 0.0743838 0.654936 2
0 0.934978 0.736292 0.0401971 0.0765255 0.482575 5
0 0.435734 0.404711 0.018303 0.0462993 0.657976 6
0 0.688508 0.702408 0.0219843 0.0457449 0.4565 7
0 0.341108 0.655739 0.0645716 0.161626 0.57334 8
0 0.666365 0.321927 0.0413809 0.0719426 0.523339 13
0 0.519398 0.667906 0.0231108 0.0606829 0.599933 16
0 0.685497 0.627793 0.0274393 0.0588549 0.372447 18
0 0.743395 0.642911 0.0235433 0.0595977 0.66139 21
0 0.894698 0.853165 0.0195941 0.0373895 0.566475 23
0 0.618542 0.714856 0.0180092 0.0548135 0.478031 29
0 0.187629 0.729547 0.0188861 0.0693798 0.690895 33
0 0.676846 0.785085 0.02931 0.0765286 0.388605 45
0 0.871909 0.604015 0.0244519 0.052035 0.687964 47
0 0.501638 0.730977 0.0243291 0.0597775 0.581157 48
0 0.46454 0.705877 0.0250246 0.0694933 0.681146 50
0 0.876519 0.53124 0.0271641 0.0680795 0.657312 60
0 0.806902 0.539646 0.106074 0.139981 0.847287 63
0 0.194986 0.806622 0.0193194 0.057878 0.606679 64
0 0.323107 0.437432 0.0331846 0.084256 0.480302 68
0 0.244569 0.777417 0.0179234 0.0565732 0.529939 77
0 0.907346 0.440264 0.0610262 0.0853061 0.526507 80
0 0.691985 0.524882 0.0236534 0.0576457 0.386037 95
0 0.50942 0.575038 0.0208664 0.0630709 0.500426 98
0 0.621587 0.539028 0.0222765 0.0452394 0.374286 102
0 0.450218 0.905986 0.0207779 0.0500919 0.657669 111
0 0.775167 0.228415 0.0236678 0.0464707 0.786103 119
0 0.727796 0.484724 0.047294 0.0759428 0.504885 121
0 0.160276 0.444288 0.0788223 0.183281 0.795892 128
0 0.873584 0.887485 0.0158562 0.0390729 0.725196 154
0 0.2159 0.289569 0.0757639 0.157069 0.503682 156
0 0.928585 0.560186 0.0374315 0.0969652 0.36523 163
0 0.442136 0.771939 0.0260278 0.0651869 0.713958 174
0 0.979678 0.72015 0.0377714 0.109942 0.586589 185
0 0.380446 0.348079 0.0760696 0.0985065 0.624666 189
0 0.96093 0.819037 0.0686713 0.0965537 0.577528 234
0 0.517171 0.902073 0.0230341 0.0551803 0.385509 19
0 0.598665 0.906023 0.0229744 0.0702127 0.619739 82
0 0.867917 0.415589 0.0228587 0.0599623 0.69658 260
0 0.574093 0.71963 0.0507948 0.101522 0.533531 113
0 0.648205 0.0575374 0.0683586 0.108416 0.656423 274
0 0.0818664 0.67968 0.0531066 0.144609 0.621342 275
0 0.396101 0.250522 0.0757907 0.0880357 0.748898 294
0 0.620543 0.434124 0.0291574 0.0542022 0.577594 299
0 0.90791 0.367296 0.0193611 0.0538572 0.669932 312
0 0.312781 0.188935 0.0164458 0.0469339 0.683022 327
0 0.355901 0.135201 0.0646193 0.120578 0.724217 329
0 0.18791 0.542175 0.0199945 0.0620351 0.675398 331
0 0.425206 0.123267 0.0467153 0.104134 0.627237 337
0 0.531947 0.817481 0.0234515 0.0543839 0.51249 344
0 0.465091 0.604527 0.0500296 0.113502 0.655137 58
0 0.495222 0.530006 0.0207377 0.0525869 0.584251 89
0 0.648587 0.566771 0.0210801 0.0523344 0.738552 370
0 0.504433 0.422179 0.0234937 0.0528679 0.581115 380
0 0.795589 0.112045 0.165475 0.165628 0.612936 386
0 0.725295 0.564954 0.0310375 0.0727768 0.484241 387
0 0.494551 0.479966 0.0204971 0.0437698 0.434254 54
0 0.633567 0.794677 0.0298056 0.0842013 0.393154 57
0 0.724778 0.71962 0.0279382 0.06366 0.562986 117
0 0.181286 0.617125 0.0227543 0.072275 0.570043 204
0 0.406536 0.62461 0.0303417 0.0754761 0.412088 83
0 0.455718 0.512684 0.0455639 0.0775319 0.451844 114
0 0.130445 0.594578 0.0191526 0.0627375 0.689622 407
0 0.419223 0.559871 0.0197746 0.0458835 0.510162 424
0 0.0813514 0.502939 0.0574031 0.17158 0.6897 434
0 0.553703 0.47481 0.0730266 0.133257 0.777784 3
0 0.495929 0.833184 0.0151722 0.0390363 0.330084 104
0 0.625212 0.628544 0.0446695 0.0833584 0.346011 127
0 0.654772 0.689477 0.0198949 0.0557098 0.698411 86
0 0.220281 0.635159 0.0214716 0.0647518 0.649199 265
0 0.553928 0.895965 0.0190741 0.056717 0.602689 30
0 0.721072 0.291884 0.0301169 0.0680421 0.601707 101
0 0.3574 0.430038 0.0162819 0.0467649 0.506439 170
0 0.703631 0.661044 0.0266694 0.04308 0.499224 300
0 0.643187 0.386734 0.0184023 0.0463897 0.752882 448
0 0.350605 0.784554 0.0150711 0.0427354 0.407174 450
0 0.22216 0.713988 0.0214976 0.0691566 0.634717 452
0 0.543269 0.575093 0.0149912 0.0412812 0.409961 454
0 0.609477 0.494342 0.0229232 0.0517091 0.621922 455
0 0.761247 0.294826 0.0235787 0.0614352 0.650123 456
0 0.257686 0.666822 0.0222466 0.0735504 0.619653 459
0 0.121548 0.397942 0.017323 0.0532662 0.588259 464
0 0.391815 0.440165 0.0447727 0.09651 0.560468 465
0 0.284749 0.60506 0.0207962 0.0636415 0.583422 468
0 0.217203 0.568895 0.0216415 0.071174 0.589295 470
0 0.332264 0.51055 0.0176913 0.06118 0.423412 475
0 0.416246 0.380007 0.0140577 0.0374372 0.683485 477
0 0.133037 0.285506 0.046463 0.0704373 0.440331 480
0 0.58861 0.540293 0.0183279 0.0418201 0.558523 140
0 0.786968 0.425682 0.0671935 0.102954 0.715209 92
0 0.598887 0.592342 0.0250436 0.0575698 0.366993 139
0 0.544724 0.641127 0.0199357 0.0517912 0.612621 507
0 0.468427 0.0958085 0.0217359 0.0469777 0.703933 514
0 0.840284 0.309518 0.0159749 0.0406493 0.699643 521
0 0.678588 0.4422 0.049614 0.119628 0.619782 523
0 0.57374 0.647394 0.0173993 0.0471948 0.423317 533
0 0.479075 0.411058 0.0258881 0.0484638 0.548763 539
0 0.557257 0.0893784 0.0816901 0.139638 0.778277 31
0 0.317527 0.738109 0.0234575 0.0508018 0.421656 44
0 0.798973 0.325545 0.040617 0.0800936 0.52731 269
0 0.916436 0.874704 0.0134573 0.0345596 0.723861 388
0 0.904609 0.806343 0.0240112 0.0464901 0.727839 553
0 0.433027 0.45595 0.0190297 0.039363 0.514656 556
0 0.477645 0.286914 0.0741704 0.182383 0.758342 562
0 0.603344 0.162768 0.0505392 0.0852799 0.687545 563
0 0.747266 0.389818 0.0185944 0.0500485 0.665578 582
0 0.980865 0.466096 0.0353041 0.151548 0.629268 594
0 0.396043 0.75862 0.0302587 0.0883603 0.484986 125
0 0.291209 0.949117 0.0132035 0.0412787 0.455508 209
0 0.637618 0.207626 0.017361 0.0454185 0.576162 225
0 0.474273 0.950003 0.0179377 0.0595556 0.783688 74
0 0.612672 0.367381 0.0262461 0.0560465 0.714963 27
0 0.263738 0.798736 0.0130873 0.0458006 0.493159 236
0 0.86858 0.284536 0.0187701 0.0547304 0.709424 272
0 0.100637 0.764068 0.0155307 0.0514545 0.44691 43
0 0.593497 0.323773 0.020956 0.0514682 0.69218 14
0 0.835352 0.388437 0.0143319 0.039035 0.448346 228
0 0.867427 0.160655 0.0749834 0.0987394 0.586013 249
0 0.491214 0.886432 0.0209341 0.05349 0.595057 93
