0 0.574002 0.667012 0.100494 0.180781 0.331729 274
0 0.663173 0.573878 0.0621756 0.111456 0.507967 386
0 0.310646 0.415941 0.0407436 0.0858085 0.525894 269
0 0.814366 0.812003 0.0245354 0.0591935 0.414591 620
0 0.711663 0.776905 0.0942023 0.158525 0.725537 249
0 0.4711 0.82946 0.0210985 0.0551513 0.622541 717
0 0.5274 0.842528 0.0245044 0.0643734 0.73788 806
0 0.902926 0.631803 0.0269785 0.0593672 0.66563 811
0 0.659396 0.88731 0.0158244 0.0460921 0.604428 302
0 0.728664 0.573729 0.0204402 0.058525 0.705787 828
0 0.583266 0.846324 0.0175214 0.0574426 0.582195 847
0 0.788465 0.543328 0.0309 0.0724691 0.332503 865
0 0.643875 0.494064 0.0193989 0.0558197 0.629708 873
0 0.393544 0.805095 0.0245465 0.0822977 0.5752 875
0 0.499863 0.706354 0.0155522 0.0511731 0.451855 877
0 0.750306 0.654802 0.024398 0.0490908 0.541296 879
0 0.676768 0.637463 0.0391615 0.0772483 0.423274 886
0 0.69535 0.506615 0.0151577 0.0460357 0.618008 909
0 0.811889 0.683631 0.0226361 0.0553829 0.456488 906
0 0.768168 0.403428 0.11341 0.206541 0.805535 174
0 0.450002 0.575402 0.0245297 0.0661131 0.656584 1049
0 0.9079 0.433419 0.0744154 0.11363 0.675993 1065
0 0.163183 0.737557 0.0396861 0.0934371 0.532859 1087
0 0.459453 0.218842 0.0632413 0.106339 0.529236 480
0 0.493192 0.343033 0.016072 0.0445968 0.673049 1143
0 0.723711 0.281685 0.031803 0.07565 0.629425 1153
0 0.612934 0.361534 0.0219976 0.0618821 0.638749 1161
0 0.359846 0.510501 0.0719947 0.123403 0.726241 1195
0 0.649894 0.308526 0.0158232 0.0503181 0.612923 1198
0 0.863979 0.342421 0.0149967 0.0406038 0.576927 1205
0 0.927991 0.845348 0.0188432 0.0428714 0.644568 1239
0 0.522901 0.275485 0.055547 0.0862103 0.611071 1247
0 0.554773 0.359814 0.0718618 0.109004 0.726699 93
0 0.755722 0.260485 0.0173494 0.0432698 0.591661 1254
0 0.2332 0.463512 0.0792389 0.143277 0.731676 1255
0 0.616769 0.231455 0.05998 0.135274 0.677282 1258
0 0.395704 0.358875 0.0202035 0.065048 0.689647 1264
0 0.706594 0.247426 0.0165712 0.0364515 0.559101 1285
0 0.734709 0.221441 0.0158526 0.0340497 0.70129 1287
0 0.433077 0.33953 0.0233488 0.0729256 0.383299 1304
0 0.477221 0.292794 0.0212644 0.064772 0.593301 1312
0 0.572821 0.275524 0.0161666 0.045733 0.681893 1334
0 0.315894 0.731954 0.0220985 0.0723123 0.693934 1226
0 0.691748 0.191223 0.0588998 0.0997093 0.679314 1345
0 0.312782 0.324024 0.0187792 0.0631812 0.609086 1393
0 0.916464 0.336747 0.0164114 0.0456571 0.711889 1414
0 0.678931 0.381128 0.0186581 0.0579724 0.469627 1420
0 0.568548 0.225642 0.0140033 0.039253 0.444118 1425
0 0.757998 0.211992 0.0166251 0.0384536 0.671479 1428
0 0.392066 0.256268 0.0200265 0.0633143 0.390017 1429
0 0.740269 0.171442 0.0193974 0.0555943 0.714571 1442
0 0.934298 0.55966 0.0277806 0.0642475 0.467839 1447
0 0.681545 0.445304 0.0243772 0.0629549 0.318969 1041
0 0.440536 0.50575 0.023043 0.0634668 0.733977 1365
0 0.345788 0.421421 0.0196656 0.0579414 0.453635 1469
0 0.312789 0.395644 0.0228217 0.0614994 0.674164 1470
0 0.16284 0.573709 0.0183021 0.0590496 0.667035 1472
0 0.280161 0.717993 0.0213418 0.0734788 0.464599 1473
0 0.681085 0.276982 0.0185039 0.0506787 0.571292 1199
0 0.20772 0.643179 0.0320103 0.0887649 0.304928 1266
0 0.830768 0.439457 0.0668656 0.111383 0.379611 1032
0 0.837552 0.556114 0.0477065 0.0867238 0.472024 1514
0 0.57814 0.144855 0.0508384 0.102209 0.671552 1515
0 0.345018 0.200322 0.0583538 0.097626 0.706856 907
0 0.419905 0.148483 0.067599 0.124238 0.695887 1537
0 0.80876 0.212181 0.019542 0.0583626 0.695742 1552
0 0.243694 0.688823 0.0415432 0.0834568 0.369042 988
0 0.312537 0.550571 0.01821 0.0620655 0.75805 1056
0 0.525711 0.138318 0.0409148 0.0971132 0.579481 1562
0 0.383883 0.575769 0.0151101 0.0510936 0.488635 1567
0 0.707976 0.304685 0.0193943 0.0454001 0.737363 1068
0 0.658462 0.2597 0.0153754 0.0385536 0.724324 1584
0 0.247371 0.61546 0.0200434 0.0606309 0.571834 1602
0 0.695216 0.686382 0.0181271 0.0486605 0.314159 1085
0 0.496104 0.8703 0.0168282 0.0515912 0.337469 1220
0 0.466214 0.464954 0.0172121 0.0480062 0.616748 1359
0 0.597604 0.508753 0.02256 0.0699757 0.425983 1402
0 0.531428 0.910474 0.0227021 0.0645464 0.736911 1620
0 0.906363 0.23499 0.111764 0.175956 0.719937 1632
0 0.111871 0.584708 0.0147574 0.0435723 0.419054 1638
0 0.566838 0.799432 0.0214964 0.0628689 0.695242 888
0 0.619003 0.822352 0.0250709 0.0711896 0.476061 917
0 0.314956 0.655016 0.0189673 0.0631956 0.618817 1655
0 0.814866 0.140624 0.0191532 0.0546655 0.619326 1656
0 0.483603 0.109482 0.020076 0.0469776 0.606717 1658
0 0.962534 0.319611 0.0582451 0.108385 0.574218 1664
0 0.114619 0.439525 0.0199706 0.0700292 0.583568 1666
0 0.419613 0.688241 0.0583431 0.113593 0.511879 1150
0 0.517323 0.773829 0.0210183 0.0655307 0.681145 706
0 0.35188 0.783666 0.0244785 0.0721476 0.571699 1174
0 0.71738 0.0540361 0.0534634 0.105615 0.694543 1129
0 0.853529 0.680127 0.0220427 0.0494552 0.688216 1691
0 0.403888 0.618136 0.0194047 0.0552149 0.617987 1693
0 0.277055 0.566859 0.0172209 0.0656408 0.578221 1708
0 0.189603 0.56398 0.012404 0.0457351 0.315375 1713
0 0.443449 0.427289 0.0261769 0.0631796 0.506787 1717
0 0.873887 0.78672 0.0255315 0.0625098 0.659589 76
0 0.497744 0.543741 0.0365973 0.0863052 0.412609 1332
0 0.47233 0.724469 0.0245784 0.0685833 0.66033 870
0 0.507222 0.624176 0.0231 0.0601068 0.540467 710
0 0.896114 0.525165 0.019956 0.0510495 0.739445 1731
0 0.929297 0.673496 0.0254872 0.0555568 0.630199 1735
0 0.949142 0.62044 0.0222221 0.0516466 0.695488 1738
0 0.7782 0.159488 0.0169876 0.0459781 0.674596 1739
0 0.923278 0.500355 0.0202899 0.0505823 0.679677 1743
0 0.973496 0.410599 0.0172074 0.0445879 0.706221 1744
0 0.969584 0.492979 0.0370409 0.0909735 0.423073 1745
0 0.410804 0.408822 0.0158035 0.0473985 0.476853 1756
0 0.89833 0.575741 0.0190263 0.0400592 0.656539 1758
0 0.48572 0.158399 0.0146893 0.0368881 0.469086 1770
0 0.375638 0.415658 0.0150679 0.0510241 0.55594 1277
0 0.810913 0.761357 0.0263439 0.0507978 0.691297 369
0 0.363441 0.322813 0.0222844 0.0722049 0.646757 1775
0 0.986849 0.808815 0.0198816 0.0499185 0.525824 1778
0 0.13254 0.312681 0.0625287 0.147034 0.655128 1779
0 0.866108 0.577483 0.0241897 0.0539427 0.528783 1781
0 0.41547 0.556921 0.0199166 0.0523866 0.55268 1783
0 0.358894 0.613716 0.0205146 0.0695298 0.576002 1784
0 0.596545 0.786616 0.0167458 0.0481494 0.73566 1787
0 0.864912 0.719357 0.0358392 0.0631785 0.420868 1799
0 0.386998 0.667082 0.0144577 0.0468366 0.315699 1808
0 0.316181 0.601919 0.0132326 0.034357 0.322951 830
0 0.942969 0.883247 0.0227163 0.0489022 0.677662 1516
0 0.602435 0.459586 0.014402 0.031954 0.316279 1640
0 0.644103 0.0459913 0.0711523 0.0844777 0.673344 1817
0 0.794218 0.0693594 0.0627991 0.0976147 0.68588 1823
0 0.339945 0.292002 0.015024 0.0455259 0.606008 1826
0 0.870752 0.131661 0.0135006 0.038082 0.650023 1832
0 0.261278 0.779253 0.0216944 0.0705602 0.642571 1541
0 0.896936 0.900791 0.0155093 0.0392515 0.483179 1353
0 0.238049 0.560592 0.0168563 0.0562394 0.629006 1518
0 0.172782 0.486204 0.0215267 0.0841133 0.419092 1521
0 0.855225 0.874112 0.0177412 0.0408289 0.48343 780
0 0.845568 0.846458 0.0164146 0.0368855 0.586944 594
0 0.517304 0.590314 0.0172726 0.0489959 0.327123 1057
0 0.846003 0.333119 0.0127847 0.0306425 0.555207 1357
0 0.835819 0.638703 0.0164062 0.0464348 0.601275 883
0 0.760059 0.811065 0.0229443 0.0680815 0.463246 934
0 0.788428 0.645938 0.0247286 0.0484557 0.328084 1340
0 0.0744173 0.767383 0.0190528 0.0539392 0.730727 1352
0 0.471361 0.702633 0.0240231 0.0960425 0.40221 945
0 0.747143 0.614333 0.0172987 0.0350416 0.694685 1204
0 0.661867 0.414969 0.052214 0.119867 0.470838 1144
0 0.134172 0.78705 0.0151965 0.0445831 0.674901 1119
0 0.617279 0.498196 0.0126652 0.0408813 0.351308 1431
0 0.473035 0.610155 0.0140729 0.0372922 0.316373 1308
0 0.266194 0.262986 0.0668415 0.130909 0.786976 874
0 0.833617 0.213843 0.0110778 0.0340339 0.309246 1767
0 0.55462 0.523302 0.0243378 0.0689648 0.520047 994
