0 0.896754 0.45491 0.0895153 0.193536 0.817078 1
0 0.289141 0.10215 0.0801068 0.10906 0.816025 2
0 0.664282 0.0693557 0.0177255 0.0483879 0.773646 3
0 0.455541 0.554755 0.073381 0.185833 0.763832 4
0 0.966265 0.474289 0.0668696 0.192599 0.763344 5
0 0.468511 0.0452729 0.0608767 0.0900122 0.748392 6
0 0.750538 0.3403 0.0193058 0.0539683 0.746722 7
0 0.384154 0.121826 0.0701 0.1094 0.732105 8
0 0.46868 0.222474 0.0198626 0.0615289 0.724078 9
0 0.402251 0.440286 0.0225823 0.076114 0.719256 10
0 0.538027 0.311714 0.0195015 0.0558063 0.719204 11
0 0.851495 0.668705 0.0223278 0.0533259 0.71843 12
0 0.696179 0.153456 0.101562 0.199884 0.71727 13
0 0.636923 0.11886 0.0216502 0.0646397 0.711572 14
0 0.725866 0.916035 0.0310473 0.0837824 0.709694 15
0 0.601798 0.286305 0.0842881 0.145424 0.708349 16
0 0.337922 0.222893 0.0193506 0.066105 0.698228 17
0 0.76714 0.284007 0.0220984 0.0607878 0.693366 18
0 0.559816 0.457324 0.0176983 0.0489334 0.690419 19
0 0.475766 0.803271 0.0207666 0.0577959 0.685666 20
0 0.791567 0.321004 0.0212488 0.0592715 0.685335 21
0 0.983081 0.566865 0.0179732 0.0525472 0.683103 22
0 0.94827 0.606136 0.0188499 0.0509488 0.682853 23
0 0.815381 0.71167 0.0231776 0.0691874 0.678312 24
0 0.56027 0.874321 0.0171101 0.0503888 0.678043 25
0 0.959109 0.68072 0.0185194 0.0512102 0.676798 26
0 0.677301 0.0324497 0.0148544 0.0399178 0.676614 27
0 0.373098 0.213784 0.0164394 0.0601356 0.670577 28
0 0.7087 0.322935 0.0180004 0.0464799 0.665456 29
0 0.617276 0.485565 0.0411575 0.102401 0.662173 30
0 0.593064 0.0523399 0.135836 0.10468 0.658406 31
0 0.883755 0.657512 0.0145073 0.0435903 0.656695 32
0 0.257856 0.205132 0.0222291 0.0739194 0.654998 33
0 0.244835 0.516041 0.0195137 0.0709872 0.648129 34
0 0.740212 0.76991 0.0167923 0.0563594 0.645577 35
0 0.188175 0.389591 0.0217095 0.0730242 0.637917 36
0 0.348876 0.496987 0.0205021 0.0627011 0.637381 37
0 0.279195 0.291433 0.057572 0.107681 0.627793 38
0 0.695738 0.83694 0.0230122 0.067246 0.626693 39
0 0.910812 0.726398 0.0227451 0.0615491 0.622596 40
0 0.635068 0.772737 0.0181196 0.0593063 0.610034 41
0 0.665886 0.309036 0.0185121 0.0555561 0.609616 42
0 0.156493 0.326237 0.0162518 0.0468349 0.60861 43
0 0.398963 0.310404 0.0976738 0.213312 0.608368 44
0 0.811819 0.477948 0.0528562 0.110204 0.605968 45
0 0.363858 0.449554 0.0166589 0.0543632 0.604664 46
0 0.956095 0.355492 0.0181076 0.0456174 0.604656 47
0 0.539924 0.396709 0.0183647 0.0657165 0.604258 48
0 0.375722 0.811503 0.0183089 0.0476151 0.600297 49
0 0.533833 0.248997 0.0220969 0.0586017 0.598805 50
0 0.839562 0.768191 0.0756934 0.102257 0.598145 51
0 0.94192 0.876694 0.0174458 0.0434536 0.597705 52
0 0.771282 0.810421 0.0294989 0.072083 0.588571 53
0 0.55974 0.136312 0.0273458 0.0583286 0.584731 54
0 0.37019 0.751171 0.0215416 0.0802059 0.580875 55
0 0.73107 0.540834 0.0740441 0.216752 0.575241 56
0 0.680217 0.356552 0.0151043 0.0377501 0.567421 57
0 0.52323 0.157722 0.025564 0.0548545 0.567312 58
0 0.814528 0.225147 0.0210964 0.0693668 0.566095 59
0 0.933852 0.300831 0.0209881 0.0634898 0.564524 60
0 0.202275 0.760738 0.0158597 0.0444234 0.564314 61
0 0.639871 0.831765 0.0149255 0.0485312 0.554475 62
0 0.86889 0.282299 0.0984623 0.187356 0.552932 63
0 0.232076 0.308548 0.0188947 0.0663081 0.551077 64
0 0.280595 0.454192 0.0202717 0.070215 0.542455 65
0 0.938977 0.734358 0.0234203 0.0549744 0.541092 66
0 0.367619 0.584687 0.0247458 0.0846568 0.536941 67
0 0.38317 0.0150764 0.0202735 0.0291138 0.53218 68
0 0.79556 0.696499 0.0130575 0.0355825 0.531296 69
0 0.68499 0.898331 0.0138071 0.0365184 0.52912 70
0 0.224841 0.187851 0.0154158 0.0542272 0.522312 71
0 0.98561 0.344485 0.0130646 0.0336793 0.519848 72
0 0.978821 0.723012 0.0193113 0.0634204 0.519545 73
0 0.513727 0.613431 0.0178204 0.0414342 0.51913 74
0 0.613657 0.624596 0.0138943 0.0445619 0.514481 75
0 0.765522 0.0234927 0.0135114 0.0319955 0.513589 76
0 0.324063 0.170093 0.0170159 0.0555902 0.510331 77
0 0.834282 0.631852 0.0147756 0.0432013 0.50474 78
0 0.195336 0.513691 0.0362809 0.102416 0.499571 79
0 0.948471 0.22002 0.020995 0.0519802 0.497499 80
0 0.669138 0.778964 0.0232216 0.0755971 0.493318 81
0 0.694689 0.394992 0.0167024 0.0397112 0.492791 82
0 0.45497 0.184927 0.015316 0.0301139 0.490953 83
0 0.880957 0.344017 0.0127171 0.039959 0.489156 84
0 0.107276 0.619507 0.0993546 0.259453 0.488314 85
0 0.723508 0.36863 0.0139545 0.0420808 0.481321 86
0 0.372657 0.886351 0.0133764 0.0398603 0.480906 87
0 0.517704 0.818946 0.0239156 0.0736751 0.475295 88
0 0.570736 0.151032 0.019947 0.0468409 0.473955 89
0 0.786584 0.871046 0.0320114 0.0919506 0.472885 90
0 0.393427 0.533507 0.0233373 0.0715108 0.471372 91
0 0.853776 0.123857 0.0572636 0.0908697 0.468924 92
0 0.532991 0.517467 0.0195463 0.0585513 0.465074 93
0 0.308134 0.453501 0.0150327 0.0620396 0.45955 94
0 0.736053 0.200546 0.0154264 0.0444323 0.458411 95
0 0.85411 0.576754 0.0212872 0.0509955 0.437222 96
0 0.943798 0.797487 0.0373001 0.0607093 0.436894 97
0 0.479601 0.142626 0.0362307 0.0913254 0.43476 98
0 0.502543 0.768745 0.0149803 0.0455307 0.427088 99
0 0.231974 0.7188 0.0196927 0.0836257 0.425209 100
0 0.698838 0.0277632 0.0127485 0.0376837 0.417835 101
0 0.692387 0.2597 0.0130369 0.0263911 0.415537 102
0 0.295405 0.5684 0.0198374 0.0914235 0.405475 103
0 0.579758 0.402702 0.0137261 0.0466205 0.395438 104
0 0.707807 0.277819 0.0151304 0.0299245 0.392679 105
0 0.270376 0.394249 0.0139165 0.0469822 0.386031 106
0 0.289987 0.622125 0.0955926 0.187531 0.383864 107
0 0.649851 0.418624 0.0164915 0.0464228 0.380532 108
0 0.467258 0.365045 0.0626416 0.142223 0.379898 109
0 0.160157 0.245344 0.118824 0.210787 0.376457 110
0 0.517537 0.389863 0.0174044 0.0605379 0.370919 111
0 0.240793 0.404217 0.0271808 0.104272 0.370251 112
0 0.648313 0.330943 0.0144108 0.046293 0.369377 113
0 0.533455 0.114719 0.0117506 0.0290076 0.362383 114
0 0.92881 0.850239 0.0201775 0.0394667 0.361116 115
0 0.42374 0.828035 0.0293449 0.0965892 0.358904 116
0 0.802315 0.391674 0.0117363 0.0401772 0.358399 117
0 0.830953 0.916827 0.0120335 0.0367706 0.357224 118
0 0.512698 0.635045 0.0184076 0.0484665 0.35539 119
0 0.303071 0.744833 0.0126677 0.0376691 0.35497 120
0 0.789622 0.128839 0.0533207 0.140402 0.354505 121
0 0.57333 0.775974 0.014188 0.0680382 0.353579 122
0 0.749572 0.65745 0.0246252 0.0526453 0.352102 123
0 0.466569 0.761216 0.0148394 0.0255269 0.351927 124
0 0.468182 0.364595 0.0289324 0.13548 0.347263 125
0 0.119134 0.365692 0.0140248 0.034891 0.34627 126
0 0.686054 0.289272 0.0105858 0.0197837 0.343137 127
0 0.19213 0.227474 0.0209591 0.0697395 0.342333 128
0 0.610994 0.668868 0.0125894 0.0317087 0.341938 129
0 0.728879 0.836462 0.0129755 0.04098 0.328767 130
0 0.11021 0.330372 0.0156915 0.0384393 0.325441 131
0 0.603904 0.834579 0.0159461 0.0551951 0.325426 132
0 0.25217 0.822395 0.0111773 0.0392522 0.302095 133
