0 0.589269 0.496557 0.112908 0.151169 0.727752 274
0 0.413435 0.296601 0.0567461 0.0947149 0.305457 312
0 0.675277 0.447303 0.0577821 0.116323 0.364264 386
0 0.631705 0.847063 0.023554 0.0718371 0.508646 456
0 0.369419 0.745114 0.0179729 0.0521919 0.659645 514
0 0.446241 0.835277 0.0742341 0.147577 0.376944 31
0 0.681471 0.824754 0.0324872 0.0805157 0.520742 269
0 0.477326 0.91388 0.0309171 0.0911819 0.384932 563
0 0.872317 0.81045 0.057098 0.0910792 0.333168 594
0 0.717906 0.743065 0.017047 0.0524082 0.579926 601
0 0.295013 0.0790256 0.0717166 0.107249 0.820567 604
0 0.828743 0.718585 0.0190823 0.0433101 0.677051 620
0 0.760718 0.614543 0.104137 0.164554 0.769569 249
0 0.838412 0.76071 0.0270226 0.0461573 0.33777 656
0 0.297068 0.702902 0.0409502 0.102999 0.468994 692
0 0.741955 0.83808 0.0261433 0.068851 0.746201 219
0 0.369295 0.61325 0.0191783 0.0579003 0.609715 711
0 0.499068 0.558434 0.0207539 0.0534233 0.714416 717
0 0.810763 0.61506 0.0196449 0.0353 0.602963 369
0 0.555022 0.626685 0.0542242 0.112565 0.503165 806
0 0.904433 0.572276 0.143269 0.234702 0.814233 811
0 0.669659 0.721038 0.0278256 0.0894051 0.390064 302
0 0.683748 0.634362 0.024602 0.0634057 0.502813 824
0 0.77436 0.422985 0.0176723 0.0620051 0.625171 828
0 0.611524 0.738552 0.0435691 0.114205 0.474585 847
0 0.831454 0.447009 0.0558241 0.106656 0.629463 865
0 0.475542 0.525959 0.0210509 0.0546393 0.666252 870
0 0.661727 0.360701 0.0212512 0.0500144 0.654459 873
0 0.652134 0.541887 0.0181465 0.0464072 0.726857 874
0 0.402101 0.516151 0.0955527 0.15706 0.778411 875
0 0.505862 0.440848 0.0326158 0.0771611 0.474409 877
0 0.786235 0.493488 0.0202615 0.0578662 0.598665 879
0 0.694654 0.513196 0.0455089 0.0991333 0.528721 886
0 0.23627 0.627276 0.0152699 0.0532882 0.521688 902
0 0.709814 0.383429 0.0191358 0.0480818 0.659335 909
0 0.652887 0.684345 0.0174094 0.0322817 0.340624 943
0 0.464415 0.470796 0.0136296 0.0423272 0.466737 945
0 0.825649 0.528295 0.0165456 0.0438609 0.582048 906
0 0.560414 0.344648 0.0413213 0.0716634 0.34702 994
0 0.785492 0.260688 0.115077 0.230691 0.854151 174
0 0.079393 0.620054 0.0532715 0.134639 0.364488 1027
0 0.485028 0.357849 0.0603764 0.103933 0.576081 1049
0 0.547134 0.417065 0.0185348 0.0485084 0.575466 1057
0 0.778511 0.759547 0.0190692 0.0532957 0.706435 1064
0 0.904673 0.348435 0.0425713 0.0921116 0.561463 1065
0 0.203999 0.528924 0.0379933 0.0767692 0.356337 1066
0 0.17847 0.443463 0.0247053 0.0755125 0.595181 1087
0 0.145544 0.490899 0.0184569 0.0602615 0.469015 1119
0 0.646373 0.261951 0.0279144 0.0638996 0.554743 1122
0 0.468812 0.0837743 0.0651707 0.0965241 0.561496 480
0 0.485211 0.228391 0.0164628 0.0417865 0.647375 1143
0 0.734867 0.168402 0.027136 0.0716461 0.502857 1153
0 0.615501 0.219596 0.0183149 0.0539394 0.706039 1161
0 0.579628 0.287559 0.0280344 0.0680187 0.527635 1186
0 0.373957 0.313685 0.0653937 0.115391 0.684334 1195
0 0.660231 0.189113 0.0169446 0.0480467 0.75063 1198
0 0.297866 0.556314 0.0973254 0.13328 0.791719 1202
0 0.737183 0.505534 0.0236394 0.0681353 0.569106 1204
0 0.875813 0.245253 0.0152298 0.0408094 0.637798 1205
0 0.149866 0.404769 0.017665 0.0595975 0.431667 1221
0 0.960651 0.721749 0.0291859 0.0702663 0.56188 1239
0 0.529209 0.162884 0.0554699 0.0939768 0.673442 1247
0 0.549927 0.23108 0.0798225 0.0962757 0.709764 93
0 0.76578 0.156766 0.0165861 0.042924 0.510729 1254
0 0.242137 0.253566 0.0911316 0.110881 0.785238 1255
0 0.621955 0.104195 0.0618129 0.130738 0.679156 1258
0 0.392457 0.20993 0.0189832 0.0490311 0.678204 1264
0 0.411916 0.16757 0.0201025 0.052892 0.614926 1267
0 0.720804 0.117972 0.0157643 0.0346004 0.707108 1285
0 0.747616 0.116925 0.0149004 0.0285112 0.589704 1287
0 0.432716 0.214124 0.0336399 0.0654317 0.407365 1304
0 0.483087 0.16659 0.020479 0.0634454 0.536397 1312
0 0.117399 0.43204 0.022986 0.0762093 0.477613 1328
0 0.580372 0.155827 0.0152201 0.0420144 0.675176 1334
0 0.343955 0.466522 0.0203946 0.0614936 0.619382 1226
0 0.696985 0.0716246 0.0567728 0.10545 0.693263 1345
0 0.327602 0.138197 0.018064 0.0482609 0.748713 1393
0 0.942323 0.286772 0.0153979 0.0475333 0.606557 1414
0 0.695782 0.254595 0.0206542 0.0577502 0.373352 1420
0 0.578494 0.106981 0.0144458 0.0388858 0.495902 1425
0 0.768272 0.107746 0.015151 0.0387324 0.616197 1428
0 0.400284 0.116821 0.0205286 0.0521639 0.663313 1429
0 0.744128 0.0722168 0.0182498 0.0515748 0.6737 1442
0 0.970324 0.443198 0.0191595 0.0426294 0.668697 1447
0 0.64942 0.325691 0.0152161 0.0324756 0.594789 1144
0 0.902885 0.722349 0.0170576 0.0411455 0.720725 946
0 0.693674 0.31134 0.0406274 0.059155 0.35112 1041
0 0.457547 0.279565 0.0220302 0.0550926 0.622985 1365
0 0.346979 0.261741 0.0146843 0.0476377 0.548585 1469
0 0.320261 0.208919 0.0198773 0.054486 0.604312 1470
0 0.164214 0.339833 0.0157519 0.0526919 0.664038 1472
0 0.306688 0.437254 0.0259555 0.0679629 0.382429 1473
0 0.856897 0.26759 0.0202345 0.0381366 0.484127 1482
0 0.690031 0.159004 0.0133923 0.0436541 0.407452 1199
0 0.199187 0.370293 0.0148453 0.0533397 0.614631 1490
0 0.099883 0.734792 0.0657412 0.194093 0.302577 1496
0 0.33921 0.174048 0.0142501 0.032653 0.386177 1498
0 0.227245 0.405505 0.0251389 0.0723421 0.644589 1266
0 0.844844 0.337153 0.0839133 0.0999973 0.331285 1032
0 0.637077 0.358708 0.0138186 0.0372103 0.442058 1431
0 0.883616 0.42991 0.0170416 0.041189 0.665138 1514
0 0.592309 0.0419439 0.0536724 0.0716968 0.6695 1515
0 0.979516 0.774007 0.0184604 0.0507243 0.72595 1516
0 0.253127 0.335987 0.0171828 0.0451437 0.464425 1518
0 0.183862 0.241174 0.0221342 0.0521307 0.457355 1521
0 0.265736 0.175329 0.0189198 0.0507477 0.57236 1525
0 0.179012 0.608512 0.0168019 0.0592171 0.561566 705
0 0.720104 0.802478 0.0234719 0.0548423 0.650066 648
0 0.665398 0.581972 0.0173209 0.0473109 0.752477 1367
0 0.300296 0.167317 0.015638 0.0468127 0.314084 1415
0 0.361127 0.0336003 0.0589548 0.0672006 0.747767 907
0 0.434681 0.0444032 0.0685287 0.0753756 0.746306 1537
0 0.224834 0.481963 0.0169011 0.0549353 0.653459 1538
0 0.818752 0.114322 0.0198916 0.0514753 0.594625 1552
0 0.0643136 0.513337 0.0162354 0.0624282 0.484378 1352
0 0.775836 0.90821 0.0187917 0.0576969 0.438107 1413
0 0.258444 0.445448 0.0383778 0.0835434 0.411286 988
0 0.46239 0.62816 0.0481211 0.124403 0.654946 625
0 0.615568 0.350945 0.0146502 0.0349779 0.493946 1406
0 0.326292 0.334538 0.0180275 0.0559633 0.599493 1056
0 0.533598 0.0331492 0.0379428 0.058299 0.47623 1562
0 0.988854 0.68585 0.0150112 0.0431785 0.615398 1563
0 0.990476 0.559032 0.0116714 0.0312587 0.56455 1564
0 0.328724 0.682819 0.0155613 0.0426796 0.558269 1566
0 0.389107 0.400307 0.0396416 0.0855076 0.439351 1567
0 0.923474 0.934365 0.0316927 0.0421949 0.385047 784
0 0.603411 0.956177 0.0230192 0.0528595 0.68232 92
0 0.321373 0.807636 0.0161432 0.0628173 0.51778 919
0 0.918385 0.68207 0.0193527 0.0463123 0.660255 1068
0 0.231625 0.8535 0.0146609 0.0499142 0.53885 837
0 0.747704 0.735985 0.02182 0.0678895 0.663023 521
0 0.511485 0.797161 0.0133619 0.0301502 0.345585 721
0 0.73335 0.532853 0.0192114 0.0337402 0.409309 1085
0 0.508691 0.634716 0.0236164 0.054037 0.567033 1220
0 0.542136 0.808645 0.0196637 0.047355 0.530498 827
0 0.579619 0.864734 0.0263548 0.0914026 0.621566 1001
0 0.209912 0.750976 0.0118164 0.0405433 0.376013 1381
0 0.79543 0.743881 0.0128356 0.0328462 0.363384 1074
0 0.462158 0.789743 0.033135 0.0629066 0.470991 912
0 0.496109 0.263433 0.0115514 0.0326729 0.458265 1359
0 0.858725 0.231134 0.0114606 0.0226158 0.325908 1357
0 0.608008 0.364182 0.0182341 0.0427401 0.301561 1402
