0 0.777426 0.901509 0.0146676 0.0426503 0.401998 1
0 0.527741 0.219918 0.0446944 0.0422506 0.784161 6
0 0.606569 0.56282 0.0480993 0.068027 0.650558 13
0 0.805305 0.662073 0.0146957 0.0396976 0.740704 60
0 0.719324 0.760275 0.105518 0.134356 0.819356 63
0 0.849764 0.625342 0.0514708 0.090074 0.592976 80
0 0.629029 0.771592 0.0439756 0.0874222 0.395234 95
0 0.360861 0.0473859 0.0974064 0.0947718 0.766874 98
0 0.557159 0.801912 0.0233162 0.0479204 0.675523 102
0 0.965899 0.779315 0.0629885 0.0906536 0.391428 185
0 0.342024 0.638339 0.0742088 0.136358 0.628969 189
0 0.811215 0.60765 0.0232563 0.0478748 0.619026 260
0 0.625438 0.203139 0.0950829 0.155365 0.834336 274
0 0.562158 0.67118 0.020592 0.0476882 0.614544 299
0 0.853421 0.543176 0.0199668 0.0518286 0.585409 312
0 0.317592 0.378278 0.0677667 0.143337 0.635981 329
0 0.39157 0.381583 0.0592156 0.102727 0.700205 337
0 0.59332 0.811585 0.019021 0.0439023 0.680484 370
0 0.453611 0.719227 0.0187073 0.0383129 0.612204 380
0 0.709302 0.199511 0.0483517 0.0874978 0.531529 386
0 0.504741 0.752291 0.0777976 0.161796 0.733614 3
0 0.673446 0.497841 0.0214912 0.0570189 0.590598 101
0 0.579167 0.627427 0.0172958 0.041588 0.718763 448
0 0.565615 0.74025 0.0230309 0.0519105 0.602366 455
0 0.709963 0.472268 0.0193362 0.0455458 0.638324 456
0 0.377936 0.754146 0.0397663 0.0696449 0.764778 465
0 0.534093 0.824758 0.0176204 0.0461046 0.753522 140
0 0.732285 0.60672 0.071805 0.104074 0.767653 92
0 0.438253 0.330788 0.021582 0.051252 0.729522 514
0 0.790008 0.479791 0.0170316 0.0432 0.720078 521
0 0.619247 0.670539 0.0617147 0.123656 0.552563 523
0 0.530356 0.308494 0.0888838 0.157882 0.788871 31
0 0.749711 0.481712 0.0364944 0.0684544 0.40642 269
0 0.431688 0.523078 0.0759878 0.198249 0.803991 562
0 0.565115 0.378015 0.0582454 0.0969205 0.66533 563
0 0.678211 0.609766 0.0181812 0.03211 0.767856 582
0 0.946014 0.604875 0.100049 0.155532 0.851287 594
0 0.580745 0.434812 0.0229578 0.0531604 0.536411 225
0 0.817451 0.440343 0.0208041 0.0582162 0.639341 272
0 0.469376 0.631047 0.0187282 0.0504206 0.699201 600
0 0.787182 0.424875 0.0166586 0.0405316 0.661041 601
0 0.494269 0.512728 0.0234017 0.0478951 0.54738 603
0 0.199072 0.315419 0.102543 0.227765 0.752755 604
0 0.882036 0.457356 0.0164989 0.0362372 0.72448 620
0 0.246521 0.537176 0.0227009 0.0546494 0.438 624
0 0.47503 0.227692 0.0570447 0.113879 0.735728 625
0 0.483769 0.457397 0.0180904 0.0596315 0.464413 627
0 0.149787 0.680897 0.0769031 0.130816 0.687143 628
0 0.428944 0.27821 0.0177547 0.0445165 0.64608 630
0 0.53972 0.497252 0.0480508 0.0923664 0.37646 14
0 0.825137 0.332894 0.100083 0.122055 0.860732 249
0 0.892151 0.500545 0.0192939 0.0488594 0.675102 656
0 0.134479 0.502016 0.0176939 0.0537745 0.730129 670
0 0.211239 0.595193 0.0434184 0.0929915 0.318057 673
0 0.881945 0.550959 0.01494 0.0388093 0.706253 674
0 0.0872357 0.57446 0.0433369 0.0921583 0.344847 675
0 0.505797 0.462487 0.0191526 0.0367834 0.617208 682
0 0.144122 0.574983 0.0470911 0.0932084 0.65304 687
0 0.3599 0.198297 0.0456361 0.0936994 0.439244 692
0 0.502341 0.58704 0.0240006 0.0836855 0.303388 700
0 0.815895 0.525453 0.023682 0.0575747 0.670412 219
0 0.278579 0.689954 0.0557464 0.0942489 0.429708 476
0 0.376314 0.271154 0.0149484 0.0360612 0.62046 704
0 0.285838 0.26859 0.0169399 0.0446372 0.705812 709
0 0.56363 0.185529 0.0177989 0.0435958 0.66257 710
0 0.422494 0.22964 0.0182262 0.0432812 0.731869 711
0 0.361375 0.304334 0.0166931 0.0391361 0.767219 712
0 0.307555 0.209077 0.0366366 0.0936825 0.447889 713
0 0.228121 0.442673 0.0259447 0.0541033 0.649485 715
0 0.516188 0.407505 0.0159626 0.0316589 0.728832 716
0 0.522618 0.192418 0.0181506 0.0458326 0.704987 717
0 0.6987 0.674258 0.0201512 0.0378857 0.634019 718
0 0.198207 0.500095 0.0221357 0.0604077 0.62858 729
0 0.399255 0.458816 0.0156853 0.0403317 0.680267 732
0 0.265011 0.594937 0.0224812 0.0668439 0.438631 733
0 0.221077 0.669754 0.0180423 0.0474017 0.694469 765
0 0.872805 0.357295 0.0162773 0.0336879 0.57494 369
0 0.348105 0.503492 0.0628113 0.120048 0.678539 775
0 0.92103 0.502779 0.0168636 0.0398087 0.713651 780
0 0.890813 0.672903 0.0230611 0.0404894 0.561996 785
0 0.614233 0.852516 0.0206211 0.0532879 0.698588 789
0 0.455535 0.378396 0.0259751 0.0579959 0.403106 805
0 0.646538 0.321308 0.0760128 0.108139 0.629561 806
0 0.946535 0.356504 0.0989268 0.20964 0.828386 811
0 0.182342 0.580038 0.0156201 0.0488287 0.576645 819
0 0.741888 0.404963 0.0355337 0.0665119 0.435463 302
0 0.868037 0.721686 0.0266734 0.0609193 0.405113 467
0 0.387713 0.659966 0.016647 0.0367431 0.660847 477
0 0.277164 0.449786 0.015765 0.0432141 0.609825 327
0 0.782817 0.572612 0.014043 0.0388123 0.653818 228
0 0.755346 0.333808 0.0203719 0.0525834 0.653687 824
0 0.614413 0.424342 0.0188447 0.0340531 0.736126 827
0 0.811113 0.21703 0.03217 0.0653145 0.430215 828
0 0.101425 0.400136 0.0678401 0.120832 0.685379 829
0 0.432666 0.669137 0.0123503 0.0352384 0.398163 832
0 0.291391 0.488845 0.0207409 0.0484011 0.635752 833
0 0.831914 0.586397 0.013731 0.0279964 0.555112 840
0 0.68123 0.385077 0.0432585 0.0826719 0.44571 847
0 0.278599 0.54273 0.0174436 0.0424927 0.742118 852
0 0.455793 0.674085 0.0235325 0.0346064 0.587587 855
0 0.863147 0.409823 0.0459249 0.082056 0.382023 861
0 0.964226 0.856546 0.0140182 0.035588 0.48084 234
0 0.882707 0.219485 0.0262167 0.0601901 0.61086 865
0 0.600338 0.489433 0.0227393 0.0456754 0.710801 867
0 0.698642 0.549361 0.0307419 0.0697377 0.625554 868
0 0.573722 0.52506 0.0178652 0.0378818 0.624607 869
0 0.507187 0.138146 0.0181075 0.0404241 0.554516 870
0 0.723006 0.127256 0.0148428 0.0386779 0.656314 871
0 0.700507 0.12208 0.0200957 0.0465478 0.745284 873
0 0.672412 0.248131 0.0178482 0.044466 0.715952 874
0 0.447794 0.0942157 0.0932861 0.172962 0.829156 875
0 0.550331 0.131511 0.0271537 0.0695611 0.748297 877
0 0.844387 0.232711 0.0161465 0.042806 0.659134 879
0 0.732227 0.263697 0.038774 0.072047 0.513153 886
0 0.655515 0.461001 0.0163305 0.0366294 0.780408 888
0 0.632885 0.453193 0.01901 0.0355145 0.70669 901
0 0.284644 0.181385 0.0148016 0.0362568 0.558798 902
0 0.940219 0.901256 0.0127926 0.0297152 0.54398 905
0 0.298732 0.530304 0.0133074 0.0292123 0.551361 907
0 0.745894 0.171043 0.0159357 0.0394282 0.724432 909
0 0.722737 0.338053 0.0168569 0.0277886 0.610038 917
0 0.768113 0.527961 0.0140045 0.0388477 0.648813 648
0 0.347453 0.429293 0.0134266 0.041975 0.56838 744
0 0.72556 0.372241 0.0162856 0.0271416 0.515592 943
0 0.394784 0.27582 0.0149078 0.0372728 0.534284 725
0 0.735169 0.877433 0.0210491 0.0534404 0.752401 84
0 0.511783 0.0937628 0.0139752 0.0354083 0.550748 945
0 0.970479 0.495968 0.0167739 0.0413016 0.638565 946
0 0.69733 0.43962 0.015668 0.0360315 0.726809 950
0 0.672265 0.684014 0.02455 0.0604892 0.466962 59
0 0.22938 0.711599 0.0188546 0.0406578 0.639389 681
0 0.528669 0.44192 0.0150954 0.0337547 0.785771 768
0 0.261687 0.194078 0.0148576 0.0412157 0.655061 965
0 0.56557 0.0876274 0.0139091 0.0289926 0.482415 968
0 0.214619 0.532681 0.0128011 0.0261534 0.386406 973
0 0.152524 0.461009 0.0147996 0.0424881 0.705287 790
0 0.900416 0.262878 0.0136802 0.0392361 0.404356 906
0 0.282243 0.11429 0.0601403 0.101018 0.665221 988
0 0.307327 0.824387 0.0125666 0.0338381 0.656457 990
0 0.605667 0.0854021 0.0268147 0.0742479 0.445227 994
0 0.631395 0.506287 0.0188847 0.0501956 0.587289 1001
0 0.742018 0.123529 0.0122637 0.0303405 0.586655 1002
0 0.342414 0.276358 0.0259913 0.0547754 0.685886 1008
0 0.824862 0.0844608 0.0877242 0.145128 0.773406 174
0 0.320921 0.869565 0.0199658 0.0558352 0.572994 758
0 0.0524977 0.526569 0.0171856 0.0545323 0.460674 1019
0 0.0688557 0.518605 0.0127042 0.0339742 0.313031 1020
0 0.174292 0.462508 0.0142776 0.0379268 0.474322 1025
0 0.132422 0.235816 0.0258619 0.060146 0.422512 1027
0 0.863305 0.155039 0.0621256 0.0805722 0.714824 1032
0 0.226388 0.498432 0.0156517 0.0386357 0.597708 1040
0 0.734868 0.0767224 0.0420895 0.0585299 0.550856 1041
0 0.726965 0.534307 0.0136857 0.0322508 0.526661 1045
0 0.987543 0.750274 0.0123957 0.0284195 0.513055 1047
0 0.617386 0.603194 0.0172865 0.0311341 0.310304 1048
0 0.520814 0.0403897 0.0338905 0.0660009 0.531937 1049
0 0.642781 0.414501 0.0129561 0.0313483 0.502738 1053
0 0.387636 0.24246 0.0146635 0.0220935 0.390341 1055
0 0.173957 0.193829 0.018169 0.0478548 0.705189 1056
0 0.579414 0.146198 0.0115841 0.0330641 0.4417 1057
0 0.532778 0.668487 0.0128342 0.0337209 0.640777 1059
0 0.476626 0.876476 0.0152756 0.0467022 0.639797 482
0 0.391917 0.824668 0.0245626 0.0600992 0.419198 114
0 0.535851 0.598301 0.055532 0.0968734 0.385411 27
0 0.840665 0.481197 0.0155465 0.0399987 0.752733 1064
0 0.9254 0.184068 0.0179716 0.0490286 0.644177 1065
0 0.201448 0.156815 0.0159166 0.0496506 0.69735 1066
0 0.983011 0.462165 0.0178011 0.0435689 0.631015 1068
0 0.247716 0.485804 0.0167928 0.0365098 0.658064 1073
0 0.862096 0.493947 0.0111926 0.0285439 0.40781 1074
0 0.25803 0.607532 0.0426122 0.0932119 0.36905 1075
0 0.776363 0.653675 0.0125861 0.0339106 0.394334 1076
0 0.607943 0.458 0.0148261 0.0185183 0.465055 1084
0 0.780284 0.256924 0.0119462 0.0373569 0.515191 1085
0 0.426232 0.867875 0.0235881 0.0494254 0.588094 517
0 0.963864 0.708088 0.0189507 0.0339422 0.443828 784
0 0.384458 0.884081 0.0145403 0.0386982 0.488142 424
0 0.0992605 0.741567 0.0185474 0.0526871 0.66236 776
0 0.820502 0.564993 0.0134665 0.0191529 0.326111 999
0 0.340394 0.782314 0.0199967 0.0403857 0.761007 170
0 0.408908 0.742704 0.0250206 0.047077 0.702375 910
0 0.353603 0.734075 0.0161084 0.040307 0.76057 760
0 0.359019 0.806245 0.0168922 0.0344046 0.783943 475
0 0.370599 0.920385 0.0150411 0.040066 0.601855 679
0 0.415884 0.824379 0.0178566 0.0414939 0.321976 534
0 0.927977 0.889279 0.015654 0.0334847 0.59621 163
0 0.543454 0.979759 0.0148971 0.0380046 0.451918 800
0 0.928343 0.693513 0.0129371 0.0361039 0.587543 72
0 0.445287 0.814651 0.0209093 0.0455139 0.674832 89
0 0.564303 0.89365 0.0216908 0.0560983 0.706269 127
