0 0.778102 0.887549 0.0171048 0.0444595 0.527816 1
0 0.411659 0.646036 0.0145956 0.0356826 0.414962 6
0 0.608241 0.551045 0.0464072 0.0667262 0.538159 13
0 0.806078 0.659745 0.0152036 0.0399446 0.718132 60
0 0.719676 0.757604 0.105399 0.138392 0.830693 63
0 0.849635 0.621291 0.0516732 0.0921849 0.668428 80
0 0.632687 0.76302 0.0429985 0.0851333 0.510347 95
0 0.363017 0.0474991 0.0904277 0.0949981 0.791198 98
0 0.557497 0.78888 0.0233375 0.0464261 0.564604 102
0 0.965951 0.778268 0.0644965 0.094195 0.472962 185
0 0.343911 0.620881 0.0698103 0.130652 0.727037 189
0 0.810547 0.602876 0.02833 0.0571398 0.554436 260
0 0.627026 0.192874 0.0953337 0.156628 0.838855 274
0 0.567433 0.658634 0.022449 0.05296 0.637305 299
0 0.855092 0.536693 0.0206702 0.0541604 0.566228 312
0 0.32085 0.35824 0.0642492 0.143656 0.66066 329
0 0.393499 0.364411 0.058868 0.103444 0.690758 337
0 0.595257 0.800078 0.0206328 0.0423626 0.712589 370
0 0.450035 0.705271 0.0204229 0.0383376 0.562753 380
0 0.711242 0.189363 0.0504488 0.0885344 0.463578 386
0 0.445254 0.755389 0.0181965 0.0489019 0.752519 54
0 0.505851 0.738412 0.0751818 0.166071 0.744438 3
0 0.674215 0.491033 0.0221957 0.0631324 0.594782 101
0 0.582816 0.615223 0.0172986 0.041078 0.718451 448
0 0.569528 0.729193 0.0254199 0.0509111 0.393898 455
0 0.711623 0.463081 0.0197649 0.048172 0.695222 456
0 0.383707 0.726043 0.072995 0.112278 0.341441 465
0 0.390152 0.234572 0.0509397 0.0530278 0.757106 480
0 0.532469 0.811457 0.0180056 0.0451258 0.768055 140
0 0.733574 0.600835 0.0706883 0.108907 0.76928 92
0 0.439079 0.315699 0.0209306 0.0509306 0.771186 514
0 0.791754 0.472834 0.0171265 0.0437713 0.722616 521
0 0.622303 0.663396 0.0578069 0.118584 0.582486 523
0 0.532843 0.297592 0.084639 0.156651 0.751416 31
0 0.751994 0.474439 0.0364813 0.0659037 0.386579 269
0 0.433709 0.509664 0.074761 0.196374 0.784736 562
0 0.566299 0.363202 0.0581411 0.096153 0.655758 563
0 0.681629 0.602754 0.0164621 0.032697 0.646515 582
0 0.946853 0.599718 0.0996028 0.158579 0.843483 594
0 0.582715 0.423446 0.0232851 0.0540568 0.619725 225
0 0.819532 0.432 0.0219113 0.0599536 0.656951 272
0 0.47173 0.614484 0.0188406 0.0506269 0.753662 600
0 0.789619 0.416617 0.0167741 0.0410382 0.737807 601
0 0.496067 0.499057 0.0228564 0.0484627 0.602091 603
0 0.20044 0.305923 0.101319 0.208597 0.785469 604
0 0.883766 0.448734 0.0162135 0.0358057 0.724039 620
0 0.249532 0.516594 0.022618 0.0541924 0.494367 624
0 0.477386 0.211014 0.0568364 0.114827 0.704285 625
0 0.485416 0.443302 0.0175689 0.0610941 0.489141 627
0 0.15453 0.657698 0.0782845 0.131146 0.693227 628
0 0.430846 0.263487 0.0172786 0.0447396 0.699814 630
0 0.54269 0.484676 0.0499536 0.093994 0.485643 14
0 0.827346 0.323579 0.0998651 0.121017 0.844877 249
0 0.893488 0.49173 0.0194406 0.0505597 0.709683 656
0 0.137023 0.484313 0.0180254 0.0539553 0.72357 670
0 0.213947 0.572606 0.0422135 0.0867013 0.311418 673
0 0.883762 0.543142 0.0152594 0.04244 0.703851 674
0 0.089724 0.544222 0.0308284 0.071147 0.418297 675
0 0.507387 0.44972 0.0197302 0.0356349 0.551952 682
0 0.145112 0.556278 0.0482102 0.0903535 0.640238 687
0 0.358118 0.182725 0.0527453 0.0929558 0.441943 692
0 0.504379 0.572834 0.0231364 0.0802096 0.317416 700
0 0.817439 0.519479 0.0253939 0.0587634 0.577377 219
0 0.27908 0.669144 0.050358 0.0886022 0.563784 476
0 0.378756 0.254065 0.0145329 0.0372382 0.672969 704
0 0.287855 0.253687 0.0171271 0.0423255 0.666248 709
0 0.565522 0.173996 0.017693 0.0436598 0.631615 710
0 0.424351 0.214321 0.018796 0.0447187 0.687722 711
0 0.364357 0.288227 0.0159916 0.0382351 0.703382 712
0 0.309178 0.193917 0.0366659 0.0920375 0.434376 713
0 0.231053 0.424642 0.0267837 0.0540351 0.609253 715
0 0.518253 0.39431 0.0153598 0.0301261 0.595644 716
0 0.524218 0.179079 0.0178138 0.0452832 0.63684 717
0 0.698295 0.669734 0.0201603 0.0371613 0.61257 718
0 0.200117 0.482269 0.0239297 0.0630085 0.553964 729
0 0.40323 0.441075 0.0149569 0.0389004 0.713596 732
0 0.267382 0.577031 0.023221 0.0693433 0.32341 733
0 0.224769 0.646316 0.0181566 0.0510902 0.787783 765
0 0.874612 0.349175 0.0161977 0.0340926 0.617216 369
0 0.352425 0.489539 0.0619645 0.111359 0.581972 775
0 0.921206 0.498976 0.0185865 0.0413846 0.655136 780
0 0.892724 0.668134 0.0210895 0.0417587 0.597381 785
0 0.18444 0.779514 0.0177227 0.0681556 0.703768 786
0 0.611198 0.843318 0.0217587 0.0518705 0.666544 789
0 0.456471 0.361934 0.0260788 0.0567418 0.406274 805
0 0.648232 0.31204 0.0745786 0.108479 0.664523 806
0 0.947438 0.35115 0.0980466 0.207165 0.822672 811
0 0.184189 0.557978 0.014615 0.0466505 0.607824 819
0 0.743232 0.396207 0.0412118 0.0709404 0.466965 302
0 0.868274 0.724068 0.0278171 0.0697407 0.326676 467
0 0.390648 0.646731 0.0170093 0.0343927 0.669087 477
0 0.280937 0.430485 0.0148519 0.0372479 0.620321 327
0 0.784258 0.565808 0.0138583 0.0394222 0.670136 228
0 0.757509 0.325012 0.0203504 0.0529158 0.782105 824
0 0.616296 0.415618 0.0178184 0.0324193 0.702483 827
0 0.811286 0.210357 0.0354451 0.0681704 0.456948 828
0 0.105542 0.374456 0.0678078 0.11192 0.572812 829
0 0.434307 0.656899 0.0172858 0.0451433 0.639708 832
0 0.294202 0.468494 0.0227429 0.0538519 0.654564 833
0 0.83351 0.580576 0.0139841 0.028424 0.604904 840
0 0.682688 0.376279 0.0408535 0.0793106 0.566699 847
0 0.159477 0.487338 0.0146406 0.0356024 0.5869 850
0 0.281543 0.524001 0.0171199 0.0423254 0.675616 852
0 0.45746 0.658379 0.0291555 0.0458862 0.426325 855
0 0.869958 0.402573 0.034288 0.0682848 0.439073 861
0 0.960234 0.862517 0.0157452 0.0371493 0.416613 234
0 0.885383 0.2123 0.0260615 0.0590637 0.589862 865
0 0.602102 0.478469 0.0207159 0.0457995 0.70176 867
0 0.700448 0.543517 0.0324841 0.0710368 0.687864 868
0 0.575534 0.513672 0.0165472 0.037304 0.681355 869
0 0.509917 0.128974 0.0179023 0.0486085 0.588083 870
0 0.724221 0.119 0.0153041 0.0395066 0.648669 871
0 0.701903 0.112056 0.019819 0.0466886 0.705732 873
0 0.674137 0.238819 0.0181611 0.0451132 0.71722 874
0 0.448103 0.0859417 0.0938528 0.15784 0.820982 875
0 0.551546 0.119339 0.0263223 0.0674931 0.57447 877
0 0.847308 0.226185 0.0154807 0.0440121 0.666984 879
0 0.734138 0.254162 0.0378905 0.0716477 0.525265 886
0 0.657124 0.451609 0.0158162 0.038745 0.750611 888
0 0.634913 0.443023 0.0182067 0.0366692 0.715248 901
0 0.285741 0.166755 0.0143745 0.0350989 0.460983 902
0 0.938923 0.901895 0.0138219 0.0322019 0.510765 905
0 0.301984 0.512106 0.0136375 0.0302292 0.530888 907
0 0.747435 0.162729 0.015657 0.039375 0.690296 909
0 0.72422 0.329176 0.0169679 0.0291309 0.467942 917
0 0.770073 0.519602 0.0134126 0.0379729 0.529357 648
0 0.35032 0.411219 0.0139933 0.0424509 0.389815 744
0 0.727709 0.363215 0.0164571 0.0257726 0.568059 943
0 0.397554 0.258823 0.0162437 0.0375355 0.580493 725
0 0.737151 0.863571 0.0213353 0.0506242 0.751681 84
0 0.512552 0.0818543 0.0142582 0.0354395 0.511121 945
0 0.973558 0.487638 0.016388 0.0420665 0.568831 946
0 0.699224 0.428452 0.0155653 0.0373102 0.667488 950
0 0.675212 0.684554 0.0228584 0.0515164 0.643778 59
0 0.23549 0.689973 0.0152399 0.0410211 0.496197 681
0 0.530201 0.429139 0.0146421 0.0333544 0.751209 768
0 0.263252 0.178859 0.0149811 0.0411635 0.69802 965
0 0.56673 0.076883 0.013923 0.0299213 0.454061 968
0 0.070532 0.598993 0.019266 0.0516462 0.604102 972
0 0.218172 0.51166 0.0123654 0.0261988 0.30316 973
0 0.155591 0.442008 0.0147198 0.040186 0.654849 790
0 0.902136 0.255743 0.0133047 0.0377508 0.56426 906
0 0.282286 0.0999917 0.0565685 0.0988805 0.718446 988
0 0.312196 0.789695 0.0128983 0.0356406 0.608184 990
0 0.606209 0.0727581 0.0251487 0.0779024 0.432013 994
0 0.632875 0.496975 0.0181339 0.0501273 0.706062 1001
0 0.74369 0.115312 0.0128639 0.0314639 0.549776 1002
0 0.39388 0.610804 0.0113043 0.0246485 0.415342 1005
0 0.344285 0.259545 0.0237043 0.0493169 0.568982 1008
0 0.825904 0.0807056 0.0864274 0.142302 0.759091 174
0 0.312751 0.844777 0.014923 0.0480386 0.663666 758
0 0.7633 0.424934 0.0134985 0.0255063 0.375443 884
0 0.0546156 0.501649 0.0168937 0.055879 0.4952 1019
0 0.0719582 0.494434 0.0135616 0.0394678 0.488278 1020
0 0.177722 0.443694 0.0144007 0.038939 0.72225 1025
0 0.134853 0.22058 0.0240488 0.0582238 0.518901 1027
0 0.863958 0.14964 0.0644583 0.0805093 0.647337 1032
0 0.229216 0.478752 0.0146171 0.036881 0.653458 1040
0 0.735048 0.0696446 0.0413551 0.0567469 0.360909 1041
0 0.728561 0.526721 0.0137737 0.0330517 0.510952 1045
0 0.987028 0.748127 0.0131309 0.0292987 0.503074 1047
0 0.618947 0.593393 0.0152563 0.0324052 0.582916 1048
0 0.522923 0.0320242 0.0361595 0.058658 0.516891 1049
0 0.643878 0.405398 0.0125991 0.0276046 0.647534 1053
0 0.389563 0.224251 0.0144033 0.0238228 0.629018 1055
0 0.176325 0.178334 0.0148753 0.0403472 0.598752 1056
0 0.581351 0.134138 0.0111258 0.0334503 0.403976 1057
0 0.537186 0.656029 0.0124742 0.0327015 0.552476 1059
0 0.474872 0.881604 0.0144595 0.0403261 0.464532 482
0 0.402011 0.809044 0.0167099 0.0503493 0.683307 114
0 0.544167 0.588843 0.045935 0.0848425 0.345747 27
0 0.627756 0.651015 0.0365616 0.0904426 0.353035 451
0 0.430709 0.841912 0.0299775 0.0642877 0.491493 517
0 0.25838 0.799154 0.0158539 0.0504292 0.630899 724
0 0.965459 0.703801 0.0196358 0.0354948 0.433992 784
0 0.384389 0.889211 0.0164351 0.0409761 0.701869 424
0 0.780758 0.786458 0.0132354 0.0376494 0.448266 373
0 0.100188 0.711446 0.0196617 0.0638349 0.534267 776
0 0.556799 0.534474 0.0146506 0.0237017 0.334969 912
0 0.822619 0.559633 0.0138084 0.0197459 0.445516 999
0 0.867544 0.751939 0.03328 0.0522499 0.351641 47
