0 0.576959 0.697978 0.0236584 0.0800146 0.642853 274
0 0.643859 0.655219 0.0569533 0.10064 0.543211 386
0 0.816102 0.848182 0.0238789 0.0576694 0.735106 620
0 0.884274 0.683049 0.0297481 0.0699376 0.494387 811
0 0.698901 0.688038 0.0261093 0.0721191 0.591752 828
0 0.77016 0.582831 0.0249574 0.0686409 0.694574 865
0 0.631179 0.577102 0.0171157 0.0515232 0.507436 873
0 0.650147 0.737783 0.0304115 0.0727414 0.415215 886
0 0.791744 0.749607 0.0215276 0.0619948 0.675529 906
0 0.75561 0.464875 0.119892 0.221744 0.852208 174
0 0.436148 0.676259 0.0241509 0.073929 0.633158 1049
0 0.895972 0.480087 0.0648106 0.118925 0.689105 1065
0 0.449724 0.294335 0.0605743 0.110787 0.480534 480
0 0.493628 0.416011 0.0157444 0.0447364 0.568112 1143
0 0.714538 0.330871 0.0339894 0.0887174 0.464651 1153
0 0.613059 0.4424 0.0193384 0.0598049 0.70624 1161
0 0.347475 0.611477 0.0665284 0.127523 0.662468 1195
0 0.640316 0.37159 0.017683 0.0571392 0.74743 1198
0 0.852859 0.389805 0.0146246 0.043138 0.691259 1205
0 0.517964 0.346892 0.0505215 0.0838664 0.672171 1247
0 0.553457 0.434961 0.0720737 0.11797 0.743377 93
0 0.748087 0.310216 0.01716 0.0438397 0.520794 1254
0 0.235535 0.584252 0.0803614 0.152604 0.68699 1255
0 0.608843 0.286795 0.0624608 0.129201 0.649931 1258
0 0.391139 0.457526 0.0189611 0.0677145 0.602574 1264
0 0.692519 0.309636 0.0144063 0.0389279 0.51476 1285
0 0.731575 0.269301 0.015417 0.0357224 0.718121 1287
0 0.426288 0.42821 0.0273862 0.0822396 0.483894 1304
0 0.471947 0.372123 0.0227026 0.0700215 0.539197 1312
0 0.566013 0.341733 0.0158649 0.0470738 0.610077 1334
0 0.307812 0.849031 0.0153886 0.0509871 0.562809 1226
0 0.685965 0.244507 0.0609129 0.0964108 0.746104 1345
0 0.306742 0.429399 0.019167 0.0610753 0.526764 1393
0 0.904371 0.381806 0.0160264 0.0469355 0.671147 1414
0 0.663092 0.452457 0.0185844 0.0595152 0.617013 1420
0 0.753825 0.261445 0.0171521 0.0439808 0.700855 1428
0 0.386047 0.344215 0.0200498 0.0640937 0.575972 1429
0 0.736292 0.217637 0.020595 0.0521939 0.663079 1442
0 0.91474 0.613692 0.0301898 0.0686965 0.42044 1447
0 0.66933 0.51821 0.0285917 0.0641997 0.37149 1041
0 0.427804 0.602782 0.0225684 0.0649731 0.649087 1365
0 0.339716 0.518684 0.015571 0.0539388 0.534382 1469
0 0.308821 0.501588 0.0205824 0.06469 0.578842 1470
0 0.160727 0.686784 0.0167431 0.0599316 0.674154 1472
0 0.671213 0.3324 0.0185821 0.0528189 0.677895 1199
0 0.201537 0.760522 0.0193608 0.0703343 0.590366 1266
0 0.824521 0.481318 0.0627572 0.137832 0.524012 1032
0 0.817499 0.59981 0.0351408 0.0762456 0.416796 1514
0 0.569929 0.208898 0.0519896 0.108687 0.688177 1515
0 0.328874 0.250282 0.0424199 0.0786135 0.498036 907
0 0.41013 0.232154 0.067173 0.13693 0.730872 1537
0 0.798136 0.26093 0.0200029 0.0610919 0.696241 1552
0 0.237995 0.816033 0.0201762 0.0705261 0.599527 988
0 0.517342 0.204027 0.0445612 0.104823 0.582846 1562
0 0.368565 0.689125 0.016194 0.0467555 0.426853 1567
0 0.650225 0.317379 0.0157058 0.0447564 0.72711 1584
0 0.238049 0.744429 0.0180256 0.0674389 0.579284 1602
0 0.453403 0.566459 0.0168494 0.0426271 0.535005 1359
0 0.906028 0.271337 0.125261 0.191179 0.787098 1632
0 0.62097 0.919886 0.0178509 0.0539933 0.507667 917
0 0.808936 0.186393 0.0200031 0.0578629 0.612236 1656
0 0.472136 0.183933 0.0204955 0.0517066 0.678566 1658
0 0.956086 0.359914 0.0669067 0.113593 0.700886 1664
0 0.113005 0.558436 0.0164492 0.0648812 0.339139 1666
0 0.417814 0.781572 0.031447 0.0898477 0.564503 1150
0 0.708782 0.108997 0.0529893 0.109747 0.732228 1129
0 0.832975 0.744111 0.0212031 0.0482257 0.670319 1691
0 0.391869 0.728623 0.018404 0.0586974 0.570925 1693
0 0.274723 0.664561 0.0169872 0.0637617 0.4412 1708
0 0.436574 0.516793 0.02727 0.0701919 0.495264 1717
0 0.481708 0.647196 0.0321235 0.0813625 0.401251 1332
0 0.490988 0.730792 0.0199602 0.0649193 0.529944 710
0 0.877381 0.589729 0.0203367 0.0636893 0.605694 1731
0 0.906813 0.72882 0.0207839 0.0532405 0.547352 1735
0 0.927411 0.67384 0.0201806 0.051985 0.668571 1738
0 0.771195 0.205306 0.0179317 0.0470952 0.66802 1739
0 0.905282 0.554261 0.0201461 0.0537931 0.703262 1743
0 0.960094 0.456853 0.0171304 0.0461258 0.743355 1744
0 0.971192 0.541827 0.0473535 0.0990634 0.39759 1745
0 0.408491 0.506622 0.0159523 0.0458827 0.462554 1756
0 0.374104 0.517625 0.0135986 0.0496145 0.425379 1277
0 0.814281 0.796782 0.0162608 0.042312 0.667441 369
0 0.357517 0.427799 0.0343888 0.101854 0.427209 1775
0 0.9724 0.840601 0.0173993 0.0443033 0.522631 1778
0 0.124582 0.440253 0.0509754 0.125396 0.646869 1779
0 0.837659 0.642512 0.0263144 0.0550246 0.467125 1781
0 0.403394 0.67152 0.0196829 0.0484268 0.415158 1783
0 0.350148 0.731358 0.0185831 0.0725447 0.501372 1784
0 0.862649 0.778777 0.0348038 0.0758871 0.389391 1799
0 0.910048 0.932206 0.0198225 0.0493477 0.743266 1516
0 0.653227 0.0769605 0.100322 0.142188 0.746125 1817
0 0.795514 0.0949785 0.0740768 0.129195 0.785701 1823
0 0.331604 0.391828 0.0164768 0.05173 0.575069 1826
0 0.867242 0.175369 0.0137148 0.0417758 0.659311 1832
0 0.502216 0.695741 0.0198692 0.0636273 0.31269 1057
0 0.835262 0.379794 0.0135925 0.0323997 0.400521 1357
0 0.17398 0.383105 0.0519256 0.132032 0.677004 1849
0 0.21118 0.247897 0.017839 0.0534291 0.733642 1852
0 0.841295 0.692935 0.0137048 0.0369332 0.57147 1856
0 0.275223 0.219175 0.0208872 0.0656025 0.641398 1869
0 0.8203 0.706172 0.0185638 0.0482237 0.738075 883
0 0.776206 0.711516 0.0173469 0.0445275 0.680672 1340
0 0.462822 0.820293 0.0276511 0.108464 0.605068 945
0 0.336018 0.313577 0.0556216 0.0862261 0.720163 1308
0 0.232985 0.35114 0.0864453 0.169984 0.785458 874
0 0.538445 0.6169 0.0209547 0.0730228 0.403957 994
0 0.58379 0.0828098 0.0196578 0.0542183 0.660579 1895
0 0.33537 0.153696 0.0200739 0.0609152 0.707923 1896
0 0.482615 0.539547 0.0205777 0.0651665 0.553287 1897
0 0.834657 0.220935 0.0166856 0.0381224 0.668645 1901
0 0.0781631 0.645023 0.0199572 0.0683425 0.442798 1906
0 0.0733671 0.481435 0.0308947 0.0714971 0.485838 1912
0 0.44872 0.152611 0.013893 0.0414861 0.452153 1923
0 0.893754 0.906348 0.0159216 0.0428351 0.614967 946
0 0.1689 0.149888 0.0550265 0.0915923 0.641562 950
0 0.283533 0.463506 0.0138512 0.0478211 0.367707 1415
0 0.904912 0.792364 0.0490609 0.0730845 0.339311 1563
0 0.975184 0.665125 0.0472375 0.1134 0.703293 1564
0 0.723451 0.0421151 0.0180521 0.046972 0.685655 1930
0 0.241378 0.187515 0.0214395 0.0666967 0.514588 1931
0 0.827038 0.334835 0.0118108 0.0405083 0.538278 1933
0 0.401753 0.558838 0.0145405 0.0434686 0.468129 1934
0 0.702515 0.0623312 0.0135805 0.0357112 0.567284 1943
0 0.661894 0.132277 0.0254189 0.0500211 0.465967 1948
0 0.658409 0.578616 0.0136454 0.042001 0.502766 1950
0 0.353601 0.177252 0.0152946 0.0400546 0.537437 1954
0 0.309042 0.785692 0.0158422 0.0491872 0.666882 709
0 0.86364 0.0985847 0.0391142 0.0761507 0.611492 563
0 0.17164 0.738716 0.0126903 0.0457423 0.615121 1490
0 0.780797 0.843865 0.0179551 0.0469696 0.708731 230
0 0.562974 0.573847 0.024548 0.0504915 0.374233 1336
0 0.936023 0.881191 0.0164194 0.0483068 0.694071 1239
0 0.695569 0.772378 0.0214397 0.0615849 0.668661 1085
0 0.312903 0.697217 0.0160085 0.0574402 0.588323 830
0 0.842066 0.864901 0.020941 0.0512803 0.790369 594
0 0.740332 0.864057 0.0166424 0.0424147 0.659861 1412
0 0.11336 0.318994 0.0490685 0.0790163 0.589045 269
0 0.1812 0.672309 0.0122395 0.0358722 0.347904 1713
0 0.60255 0.585494 0.0131953 0.0372047 0.353459 1431
0 0.546752 0.801724 0.0188127 0.0488905 0.732714 806
0 0.444782 0.0741456 0.0913972 0.106834 0.81432 302
0 0.68292 0.568868 0.0127389 0.0391423 0.482226 909
0 0.474619 0.234115 0.0137612 0.036107 0.413117 1770
0 0.172607 0.595063 0.0207638 0.0739101 0.418384 1521
