0 0.786101 0.788033 0.12532 0.187515 0.781504 1
0 0.240873 0.656262 0.0238059 0.0672137 0.582572 2
0 0.430903 0.456291 0.0179049 0.0520491 0.654165 6
0 0.672 0.759968 0.0198731 0.0492639 0.624759 7
0 0.319904 0.668385 0.017029 0.0507595 0.700813 8
0 0.659728 0.35261 0.0460487 0.0695559 0.521577 13
0 0.504095 0.734306 0.0218465 0.0591663 0.548221 16
0 0.670605 0.680918 0.0254372 0.0579827 0.477907 18
0 0.726389 0.688914 0.0238512 0.0579924 0.674744 21
0 0.887308 0.870497 0.0162543 0.0290329 0.476352 23
0 0.389871 0.273586 0.0499342 0.0813325 0.676677 29
0 0.659935 0.836308 0.0202079 0.0538733 0.453175 45
0 0.491749 0.792244 0.0185598 0.0598924 0.505788 48
0 0.455351 0.769999 0.0213447 0.0683811 0.621629 50
0 0.857641 0.574071 0.0267567 0.0659216 0.562554 60
0 0.78392 0.584951 0.0991083 0.139037 0.801005 63
0 0.320079 0.510575 0.0233284 0.0743076 0.36406 68
0 0.245508 0.828389 0.0148924 0.0484543 0.355465 77
0 0.89383 0.490608 0.0562881 0.0863592 0.668501 80
0 0.674919 0.568536 0.0307822 0.0607932 0.446473 95
0 0.492783 0.638411 0.018353 0.0566939 0.614792 98
0 0.605362 0.587209 0.0203797 0.0434803 0.673755 102
0 0.722091 0.528983 0.0263645 0.0528326 0.580713 121
0 0.146511 0.514776 0.0731009 0.186294 0.741743 128
0 0.205856 0.375392 0.0365449 0.0798839 0.53547 156
0 0.917592 0.674832 0.0920735 0.188663 0.762288 163
0 0.60724 0.418122 0.0166579 0.0466837 0.7874 174
0 0.975892 0.733854 0.0440078 0.105722 0.545217 185
0 0.371839 0.384239 0.0765284 0.107831 0.734234 189
0 0.951776 0.831402 0.0745219 0.0897197 0.643611 234
0 0.857287 0.464661 0.0238148 0.0522996 0.510874 260
0 0.636543 0.0656908 0.0665691 0.126068 0.736822 274
0 0.157016 0.207396 0.0359231 0.0626513 0.690819 294
0 0.611199 0.466518 0.0282885 0.0576867 0.653536 299
0 0.901659 0.412755 0.0214485 0.0579135 0.702063 312
0 0.357327 0.165922 0.0694686 0.123928 0.739769 329
0 0.428166 0.170704 0.0494164 0.0996669 0.680698 337
0 0.525158 0.882362 0.0239942 0.0789394 0.511071 344
0 0.455284 0.669764 0.0464547 0.118 0.611011 58
0 0.482744 0.589176 0.0200439 0.0495333 0.69468 89
0 0.63407 0.60226 0.0198884 0.0483086 0.742323 370
0 0.485983 0.488526 0.0209167 0.0447924 0.646553 380
0 0.772706 0.114867 0.170031 0.215324 0.721327 386
0 0.707315 0.611347 0.0265119 0.0597075 0.492011 387
0 0.479478 0.540216 0.0194956 0.0416692 0.575718 54
0 0.70656 0.771249 0.0231635 0.0616639 0.382335 117
0 0.400668 0.69707 0.0427758 0.08378 0.328343 83
0 0.441506 0.576744 0.0451163 0.0688417 0.421178 114
0 0.41309 0.629051 0.0175414 0.047604 0.688129 424
0 0.0765313 0.562749 0.0491244 0.153396 0.354424 434
0 0.539551 0.527256 0.0748056 0.133982 0.803599 3
0 0.464696 0.903222 0.0196024 0.0640566 0.615417 104
0 0.610023 0.689334 0.029896 0.0806011 0.38191 127
0 0.638602 0.747322 0.0200197 0.062173 0.702213 86
0 0.209315 0.708796 0.0193711 0.058746 0.49819 265
0 0.721527 0.31359 0.0327823 0.0738304 0.558167 101
0 0.351499 0.495393 0.0165847 0.0531856 0.689084 170
0 0.688366 0.714945 0.0224937 0.0419263 0.708259 300
0 0.632176 0.416321 0.0182063 0.0425349 0.708495 448
0 0.331345 0.833682 0.0188841 0.0522234 0.357812 450
0 0.216529 0.775139 0.0151858 0.0449849 0.650846 452
0 0.530215 0.626463 0.0205338 0.0535916 0.638351 454
0 0.601557 0.533569 0.0222652 0.0518114 0.519329 455
0 0.754176 0.323527 0.022634 0.0646603 0.534905 456
0 0.238464 0.731018 0.0192371 0.0593705 0.762726 459
0 0.388023 0.487726 0.0383934 0.0950247 0.528323 465
0 0.268767 0.680159 0.0217286 0.0621829 0.555805 468
0 0.204734 0.644556 0.0225292 0.0672052 0.628263 470
0 0.333391 0.576293 0.0164205 0.0504315 0.688216 475
0 0.13322 0.346145 0.0241956 0.0644238 0.552169 480
0 0.578027 0.58379 0.0182841 0.0458287 0.715277 140
0 0.773484 0.462726 0.0671339 0.104697 0.667765 92
0 0.584093 0.644441 0.02616 0.0655353 0.565346 139
0 0.534429 0.700629 0.0192907 0.0410788 0.76592 507
0 0.466956 0.136697 0.0208993 0.0446012 0.660881 514
0 0.832238 0.343567 0.0160017 0.0390657 0.594386 521
0 0.666496 0.476539 0.0500561 0.11211 0.62947 523
0 0.561062 0.711972 0.0141553 0.0367318 0.33647 533
0 0.477278 0.446187 0.0177604 0.04093 0.616389 539
0 0.556698 0.124347 0.0769408 0.148616 0.7783 31
0 0.794089 0.355349 0.0390978 0.0890569 0.554604 269
0 0.91121 0.885676 0.0121056 0.0316926 0.41222 388
0 0.891915 0.822529 0.0230427 0.0487032 0.64349 553
0 0.422461 0.513006 0.0175632 0.0490587 0.433949 556
0 0.47017 0.330729 0.0727827 0.186507 0.809519 562
0 0.599068 0.19467 0.0530508 0.0991257 0.665684 563
0 0.734832 0.423632 0.0184705 0.0454076 0.726719 582
0 0.970053 0.508905 0.0538583 0.180524 0.769011 594
0 0.379934 0.849329 0.0294576 0.0789183 0.633954 125
0 0.637491 0.240117 0.0179828 0.050675 0.706957 225
0 0.606244 0.387338 0.0288347 0.0657895 0.558264 27
0 0.859777 0.317156 0.0209641 0.0560872 0.764883 272
0 0.514563 0.399513 0.018651 0.0554142 0.685043 600
0 0.818897 0.278857 0.0171241 0.0476714 0.76169 601
0 0.535205 0.323411 0.0242397 0.051595 0.592837 603
0 0.221348 0.146791 0.0933554 0.103178 0.65898 604
0 0.518014 0.781602 0.0180276 0.0618923 0.547449 614
0 0.919548 0.333302 0.0173666 0.0453662 0.708863 620
0 0.293689 0.296508 0.0232035 0.0601198 0.688361 624
0 0.504107 0.0592546 0.0518876 0.0994327 0.572993 625
0 0.5214 0.255904 0.0178226 0.0603778 0.653886 627
0 0.237542 0.435168 0.0216237 0.0644685 0.640014 628
0 0.461589 0.0884242 0.0172062 0.0405026 0.644963 630
0 0.815279 0.37715 0.0158348 0.0365579 0.502479 648
0 0.581048 0.306811 0.0372409 0.0843693 0.615434 14
0 0.863966 0.175793 0.0888768 0.120491 0.782498 249
0 0.48469 0.91445 0.020621 0.0477528 0.69134 93
0 0.934387 0.369541 0.0197975 0.0498543 0.70224 656
0 0.153198 0.263561 0.0180039 0.0559219 0.62163 670
0 0.253195 0.33406 0.0283546 0.068925 0.523498 673
0 0.933078 0.425859 0.0188719 0.0465563 0.666116 674
0 0.108422 0.281398 0.0187331 0.0579135 0.63572 675
0 0.363281 0.692372 0.0208516 0.0563266 0.695902 679
0 0.278605 0.435267 0.0190646 0.0579371 0.613116 681
0 0.546834 0.274523 0.0195197 0.0396721 0.618715 682
0 0.182224 0.311849 0.0374466 0.0796413 0.489334 687
0 0.200774 0.50292 0.0212262 0.0673212 0.589112 691
0 0.377304 0.0465403 0.0506199 0.0818523 0.709733 692
0 0.548514 0.3939 0.0296125 0.0812124 0.51862 700
0 0.335335 0.754755 0.040663 0.0836766 0.362137 28
0 0.26582 0.493622 0.017951 0.0511938 0.648414 221
0 0.848328 0.399951 0.0235729 0.0502278 0.643767 219
0 0.309774 0.420335 0.0387947 0.0859522 0.33057 476
0 0.435326 0.531984 0.0166884 0.0371526 0.382313 517
0 0.461689 0.512972 0.0155019 0.038105 0.475995 534
0 0.563349 0.889371 0.0277281 0.07378 0.622528 75
0 0.903602 0.289157 0.0165527 0.0547312 0.572351 369
0 0.786056 0.666168 0.0180507 0.0370606 0.425454 84
0 0.847811 0.643678 0.0239785 0.0491729 0.572074 373
0 0.933434 0.770762 0.0179098 0.0388315 0.507335 5
0 0.564817 0.769309 0.0280463 0.0681726 0.456859 113
0 0.176515 0.61823 0.0200907 0.0574405 0.727476 331
0 0.108323 0.46279 0.0174226 0.0460212 0.304252 464
0 0.259504 0.86546 0.0152042 0.0403533 0.743171 236
