0 0.596936 0.618338 0.0464502 0.0703676 0.317376 13
0 0.798949 0.7005 0.0163067 0.045427 0.811512 60
0 0.72233 0.833197 0.114064 0.178584 0.375761 63
0 0.844898 0.658565 0.0528341 0.0926709 0.571494 80
0 0.628372 0.842266 0.0362426 0.0893078 0.318392 95
0 0.323272 0.0315975 0.111471 0.063195 0.718869 98
0 0.42643 0.352109 0.0772314 0.149458 0.816178 102
0 0.962439 0.808784 0.0621032 0.0914375 0.374247 185
0 0.335225 0.716117 0.0775937 0.143485 0.611832 189
0 0.806522 0.639972 0.0196813 0.0446342 0.588075 260
0 0.618645 0.245463 0.0959397 0.157265 0.827525 274
0 0.556226 0.730681 0.0199326 0.0489056 0.645192 299
0 0.847173 0.574529 0.0210012 0.0518956 0.604943 312
0 0.336414 0.440113 0.10818 0.124741 0.817156 329
0 0.588568 0.851021 0.0198084 0.0588853 0.732676 370
0 0.449134 0.766901 0.0191438 0.0513739 0.687747 380
0 0.704922 0.233775 0.0487168 0.0894166 0.510533 386
0 0.50102 0.79964 0.0750484 0.174443 0.594564 3
0 0.667391 0.530069 0.0210244 0.0549781 0.452899 101
0 0.570841 0.682545 0.0179589 0.0444666 0.728499 448
0 0.561963 0.802745 0.0210734 0.0543732 0.623428 455
0 0.702915 0.512479 0.0193415 0.0476092 0.636914 456
0 0.729885 0.652818 0.0810125 0.112438 0.700044 92
0 0.426623 0.393178 0.0228711 0.0511923 0.65998 514
0 0.782176 0.516754 0.0173237 0.0422174 0.668884 521
0 0.613852 0.726892 0.0598957 0.144895 0.423787 523
0 0.516341 0.363393 0.0969554 0.166385 0.819061 31
0 0.741311 0.519536 0.0387077 0.071598 0.377714 269
0 0.421733 0.579422 0.0667113 0.190384 0.773705 562
0 0.551925 0.431707 0.0602331 0.100091 0.649314 563
0 0.670039 0.671018 0.0188914 0.0455064 0.662428 582
0 0.943623 0.63372 0.103407 0.156684 0.853629 594
0 0.568928 0.485191 0.021635 0.0522112 0.607912 225
0 0.809148 0.471914 0.0216921 0.059616 0.60125 272
0 0.460692 0.687977 0.0191087 0.0542502 0.777353 600
0 0.779302 0.458562 0.0169447 0.0408276 0.738754 601
0 0.483138 0.567407 0.0237815 0.0486942 0.569556 603
0 0.189203 0.381669 0.111594 0.225979 0.742519 604
0 0.874705 0.489984 0.0162051 0.0382126 0.72033 620
0 0.233086 0.610605 0.0244559 0.0531508 0.384882 624
0 0.466392 0.285879 0.0635963 0.122668 0.729442 625
0 0.470507 0.515739 0.0197609 0.057186 0.426853 627
0 0.413565 0.339185 0.0190199 0.0450264 0.624852 630
0 0.527537 0.550752 0.0516784 0.10141 0.522545 14
0 0.81975 0.368279 0.10065 0.123266 0.843312 249
0 0.886364 0.532814 0.0195222 0.0500414 0.536528 656
0 0.132844 0.565034 0.0173868 0.0499909 0.757497 670
0 0.208068 0.67048 0.0277035 0.0794512 0.370856 673
0 0.875147 0.581116 0.0156989 0.0378253 0.558387 674
0 0.0747148 0.653705 0.0345611 0.0722869 0.635946 675
0 0.493719 0.515931 0.0187814 0.0367602 0.620817 682
0 0.141117 0.641709 0.0610484 0.0955227 0.478555 687
0 0.345618 0.264222 0.0558625 0.101146 0.369477 692
0 0.491828 0.642649 0.0243501 0.085839 0.394545 700
0 0.805285 0.558237 0.0338291 0.0606643 0.320759 219
0 0.370332 0.325801 0.0154414 0.0306002 0.767877 704
0 0.277186 0.33791 0.0163974 0.0493345 0.746933 709
0 0.556535 0.228672 0.0182379 0.042658 0.724119 710
0 0.412167 0.28796 0.0173023 0.0396228 0.633919 711
0 0.350522 0.35342 0.0148382 0.0282342 0.521852 712
0 0.301718 0.252483 0.0343016 0.0813676 0.638543 713
0 0.222139 0.510495 0.0279378 0.0567111 0.48426 715
0 0.503218 0.460571 0.0163613 0.0329731 0.673232 716
0 0.517328 0.241437 0.0193541 0.0455383 0.675062 717
0 0.692564 0.733143 0.0177153 0.0472238 0.513517 718
0 0.189599 0.569841 0.0221387 0.0623812 0.638934 729
0 0.378149 0.525798 0.0187606 0.0424403 0.676874 732
0 0.25605 0.668685 0.0207567 0.0603498 0.589938 733
0 0.867458 0.389856 0.0151003 0.0320164 0.616824 369
0 0.33465 0.574772 0.0703006 0.126031 0.483701 775
0 0.916112 0.529308 0.0167879 0.0409056 0.719382 780
0 0.887792 0.703801 0.021129 0.0405791 0.454787 785
0 0.437234 0.447232 0.022696 0.0521812 0.427889 805
0 0.641202 0.363964 0.0838061 0.116502 0.670304 806
0 0.944621 0.380114 0.101329 0.220565 0.848267 811
0 0.732408 0.442906 0.0430088 0.0711943 0.510333 302
0 0.867937 0.743408 0.0265111 0.0564073 0.513838 467
0 0.384184 0.722694 0.0141043 0.0433213 0.555839 477
0 0.266901 0.520697 0.0185611 0.0454236 0.680085 327
0 0.775142 0.610707 0.0152006 0.0412839 0.48986 228
0 0.748547 0.367679 0.0196668 0.0516293 0.724303 824
0 0.602977 0.469623 0.0185514 0.0407798 0.722225 827
0 0.805571 0.244427 0.0309165 0.0634339 0.41478 828
0 0.0899839 0.48176 0.0621017 0.115208 0.690646 829
0 0.280421 0.561732 0.0174564 0.0431815 0.554373 833
0 0.825131 0.618355 0.0140919 0.0302487 0.33375 840
0 0.671166 0.431307 0.0446809 0.0869397 0.486805 847
0 0.264267 0.617345 0.0152765 0.0395426 0.649889 852
0 0.852868 0.444935 0.0515619 0.083843 0.515245 861
0 0.87676 0.247849 0.0258003 0.0600552 0.582896 865
0 0.587184 0.536995 0.0223531 0.0499455 0.639806 867
0 0.694241 0.589944 0.0331335 0.0792182 0.429398 868
0 0.564686 0.576333 0.0180322 0.0402501 0.714766 869
0 0.500296 0.184076 0.0180495 0.0368225 0.614768 870
0 0.717684 0.160576 0.0140989 0.038964 0.731023 871
0 0.694809 0.159452 0.0195703 0.0450772 0.701213 873
0 0.66527 0.287432 0.0171819 0.042617 0.694269 874
0 0.444556 0.137343 0.0974608 0.189531 0.817889 875
0 0.543474 0.173452 0.0271797 0.07146 0.54753 877
0 0.836165 0.262952 0.0160563 0.0421532 0.653248 879
0 0.726154 0.299264 0.0424614 0.0753975 0.604851 886
0 0.642595 0.50679 0.0161508 0.0377692 0.766526 888
0 0.61996 0.498741 0.0196877 0.0369192 0.713952 901
0 0.276542 0.243712 0.0168119 0.0365375 0.629643 902
0 0.283825 0.608493 0.0151697 0.03853 0.649082 907
0 0.740437 0.20395 0.0161047 0.0357917 0.665495 909
0 0.715138 0.374174 0.0172618 0.0287032 0.608689 917
0 0.760844 0.567626 0.0145606 0.0418855 0.678566 648
0 0.717849 0.408619 0.0163921 0.0258469 0.592242 943
0 0.386219 0.351636 0.0161183 0.0317512 0.666446 725
0 0.509278 0.142428 0.0150019 0.0366485 0.735307 945
0 0.962427 0.524401 0.0159996 0.0387512 0.510993 946
0 0.68862 0.479932 0.0172626 0.0405531 0.579938 950
0 0.668737 0.736754 0.0223592 0.0746959 0.52376 59
0 0.516397 0.495065 0.0158023 0.0331876 0.805376 768
0 0.253356 0.258645 0.0160212 0.0427886 0.738983 965
0 0.559569 0.1273 0.0189263 0.0312594 0.59118 968
0 0.146268 0.525115 0.0146141 0.0397853 0.710561 790
0 0.895065 0.291645 0.012226 0.0360015 0.526914 906
0 0.274623 0.179292 0.0563188 0.100868 0.765472 988
0 0.600841 0.1271 0.0306338 0.0718884 0.521864 994
0 0.621826 0.549817 0.0236852 0.050456 0.569423 1001
0 0.737699 0.155767 0.0146064 0.029714 0.459256 1002
0 0.342065 0.320094 0.0177311 0.032785 0.640361 1008
0 0.818227 0.104623 0.0901273 0.176188 0.787608 174
0 0.11375 0.319198 0.0638066 0.142042 0.691517 1027
0 0.855067 0.185752 0.0620068 0.0817706 0.665292 1032
0 0.218483 0.566191 0.0116755 0.0350485 0.456966 1040
0 0.732397 0.108387 0.0416853 0.06107 0.592423 1041
0 0.619285 0.651173 0.0174753 0.0256701 0.43514 1048
0 0.517288 0.0797194 0.0267632 0.068696 0.480908 1049
0 0.630749 0.460153 0.0123891 0.0317117 0.45801 1053
0 0.380083 0.298467 0.0148979 0.0217149 0.441832 1055
0 0.174867 0.248201 0.0187261 0.0504994 0.737177 1056
0 0.573259 0.187987 0.0152224 0.0401111 0.731257 1057
0 0.83343 0.513392 0.0162391 0.0417275 0.747714 1064
0 0.918618 0.21983 0.0462287 0.0907221 0.629326 1065
0 0.205195 0.201963 0.0184755 0.0556863 0.692789 1066
0 0.97695 0.490629 0.0172593 0.0431708 0.761688 1068
0 0.241337 0.559336 0.0182211 0.0409919 0.67046 1073
0 0.774278 0.286585 0.0135168 0.036637 0.34663 1085
0 0.231254 0.119188 0.0658719 0.0999356 0.762913 1087
0 0.401958 0.832604 0.0240708 0.0460358 0.473944 910
0 0.410132 0.78333 0.0215861 0.0549435 0.376466 1116
0 0.173385 0.187494 0.0178949 0.0488714 0.55379 1119
0 0.680635 0.0531206 0.0237083 0.0578405 0.48232 1122
0 0.902635 0.496514 0.0122638 0.0298124 0.384019 1129
0 0.448808 0.0166895 0.0232234 0.033379 0.373284 480
0 0.753247 0.466404 0.0121709 0.025385 0.300226 884
0 0.893532 0.892808 0.023856 0.0601281 0.569784 47
0 0.646314 0.589614 0.0187136 0.0473675 0.764242 1138
0 0.496768 0.028254 0.0160848 0.0408758 0.663082 1143
0 0.683637 0.127199 0.0141696 0.0283811 0.679173 1144
0 0.393322 0.317656 0.0136234 0.0237723 0.63315 1151
0 0.746145 0.0461458 0.0233968 0.0513305 0.551422 1153
0 0.329808 0.345095 0.0159368 0.0347148 0.595623 887
0 0.62106 0.683203 0.0297228 0.0663594 0.321379 451
0 0.431484 0.697145 0.0126363 0.0367049 0.322843 832
0 0.0614724 0.411464 0.0138049 0.0406496 0.524563 1159
0 0.0927881 0.77736 0.0134692 0.0453051 0.561305 1160
0 0.642196 0.0204544 0.0164665 0.0343397 0.660686 1161
0 0.389089 0.280554 0.013846 0.0195764 0.544213 1174
0 0.577052 0.360494 0.014453 0.0403024 0.698663 706
0 0.203834 0.330797 0.0158048 0.056778 0.379535 705
0 0.882406 0.684244 0.0185428 0.0266201 0.384426 983
0 0.855973 0.525436 0.00933777 0.0304356 0.303867 1074
0 0.396966 0.799843 0.0231251 0.0622339 0.503957 54
0 0.740233 0.772376 0.0232298 0.0526057 0.31207 121
0 0.64348 0.923878 0.0165946 0.049411 0.676399 387
0 0.162092 0.803398 0.0356178 0.0582354 0.347682 854
0 0.472727 0.947467 0.0132444 0.0376597 0.41967 482
0 0.402054 0.443124 0.0192768 0.0460974 0.486971 337
0 0.452417 0.739099 0.0165791 0.0361073 0.360492 855
0 0.226604 0.471572 0.0138796 0.0224734 0.35723 837
0 0.721585 0.574165 0.0134031 0.0306498 0.440876 1045
0 0.986004 0.777111 0.0119017 0.0297456 0.465707 1047
0 0.530757 0.650601 0.0505906 0.102532 0.353652 27
0 0.570759 0.0429004 0.0567186 0.0718499 0.786742 800
0 0.318299 0.66045 0.0107374 0.0383488 0.432198 1120
