0 0.598629 0.603519 0.0478598 0.0711505 0.350288 13
0 0.800722 0.688183 0.0158263 0.0437433 0.715596 60
0 0.720305 0.801862 0.104442 0.148569 0.719499 63
0 0.846483 0.646334 0.0522755 0.0904277 0.592549 80
0 0.630556 0.817312 0.0376684 0.0896291 0.302095 95
0 0.342507 0.0359796 0.125493 0.0719592 0.519088 98
0 0.556339 0.846951 0.0200368 0.0424166 0.650937 102
0 0.96347 0.800576 0.0627633 0.0938784 0.434278 185
0 0.336635 0.698873 0.0812262 0.144502 0.722974 189
0 0.808643 0.629805 0.0207051 0.0464102 0.639576 260
0 0.620782 0.236453 0.0950345 0.161199 0.84324 274
0 0.55806 0.716857 0.0206294 0.0493904 0.602062 299
0 0.849474 0.565249 0.0205795 0.0515876 0.656487 312
0 0.334813 0.42385 0.108032 0.121465 0.822592 329
0 0.590257 0.846041 0.0192673 0.0600718 0.488083 370
0 0.452581 0.7494 0.0203193 0.049323 0.702718 380
0 0.706002 0.223835 0.0474793 0.0875319 0.441481 386
0 0.503409 0.783372 0.0782254 0.150475 0.66033 3
0 0.669636 0.518207 0.0208386 0.05381 0.55075 101
0 0.573278 0.667866 0.0186728 0.0444523 0.660676 448
0 0.564081 0.787498 0.0213226 0.0541755 0.664076 455
0 0.70505 0.500168 0.0194993 0.047487 0.559286 456
0 0.363179 0.824603 0.0164893 0.0445934 0.433149 465
0 0.731067 0.637476 0.0796325 0.109125 0.715895 92
0 0.429031 0.377456 0.0227748 0.0517085 0.660364 514
0 0.784616 0.505549 0.0174508 0.0424055 0.699137 521
0 0.615301 0.71435 0.0604865 0.135951 0.334735 523
0 0.519746 0.347111 0.0967679 0.165571 0.812126 31
0 0.743635 0.508853 0.0393554 0.0686206 0.450143 269
0 0.425262 0.563804 0.0688564 0.194062 0.76854 562
0 0.554896 0.415859 0.0595924 0.0975108 0.675603 563
0 0.67222 0.651988 0.0178812 0.0426938 0.68687 582
0 0.945004 0.624073 0.102615 0.156542 0.824802 594
0 0.571684 0.471296 0.021531 0.0515221 0.611079 225
0 0.811945 0.462312 0.021284 0.0579332 0.697922 272
0 0.46329 0.672319 0.0195055 0.0530044 0.785209 600
0 0.782231 0.447928 0.0172515 0.0400925 0.736479 601
0 0.486138 0.553291 0.0238192 0.0465367 0.571303 603
0 0.192139 0.37461 0.105396 0.216638 0.720783 604
0 0.877563 0.480407 0.0165675 0.0376167 0.742216 620
0 0.236474 0.591983 0.0238655 0.052123 0.586133 624
0 0.467553 0.271543 0.0604547 0.116109 0.762075 625
0 0.473446 0.499806 0.0188797 0.0570113 0.371665 627
0 0.4172 0.324115 0.019514 0.0449766 0.645048 630
0 0.530688 0.536651 0.0484768 0.0995942 0.4979 14
0 0.821593 0.357771 0.100117 0.120826 0.828629 249
0 0.888856 0.523361 0.0191114 0.0484285 0.601202 656
0 0.132319 0.550133 0.0173195 0.0506121 0.760738 670
0 0.210328 0.650409 0.029878 0.0804667 0.396656 673
0 0.877338 0.571423 0.0155592 0.0364763 0.673185 674
0 0.0763797 0.63031 0.031516 0.0625797 0.523118 675
0 0.496351 0.500902 0.0195303 0.0369 0.550001 682
0 0.136102 0.625761 0.0640267 0.0928125 0.401535 687
0 0.347718 0.251748 0.055764 0.10186 0.425208 692
0 0.495664 0.625294 0.0265512 0.0783846 0.488769 700
0 0.808421 0.548 0.0308427 0.0571725 0.417882 219
0 0.280441 0.739428 0.0166656 0.0505538 0.40998 476
0 0.370965 0.312833 0.0154248 0.0283358 0.749067 704
0 0.278466 0.320266 0.0170581 0.0505166 0.716362 709
0 0.558639 0.216528 0.0177187 0.0416306 0.755038 710
0 0.414424 0.273243 0.0173071 0.0390947 0.611411 711
0 0.352061 0.341299 0.0155208 0.029277 0.6231 712
0 0.301792 0.242409 0.033575 0.0856516 0.707278 713
0 0.222518 0.496541 0.0278628 0.0512533 0.534667 715
0 0.506454 0.446906 0.0156105 0.0333906 0.680302 716
0 0.516911 0.228609 0.0185294 0.0446232 0.635345 717
0 0.693705 0.715276 0.0183827 0.0449657 0.560496 718
0 0.189883 0.551692 0.0233148 0.0713789 0.678774 729
0 0.382065 0.505649 0.0174846 0.0390683 0.598594 732
0 0.257662 0.648125 0.0215796 0.0596715 0.51672 733
0 0.86949 0.381017 0.0156448 0.0319167 0.562706 369
0 0.335171 0.554909 0.0701863 0.121187 0.535994 775
0 0.918618 0.521537 0.0174097 0.04141 0.694581 780
0 0.88905 0.694576 0.0221321 0.0436335 0.595526 785
0 0.440933 0.430085 0.0238731 0.0527939 0.479537 805
0 0.643599 0.350035 0.0847115 0.11935 0.649719 806
0 0.945111 0.375896 0.100895 0.218263 0.828439 811
0 0.179199 0.644269 0.0127553 0.0420772 0.327747 819
0 0.73361 0.432361 0.0434733 0.0732597 0.536248 302
0 0.867844 0.736931 0.029159 0.0583347 0.616558 467
0 0.383172 0.706423 0.0160107 0.0444091 0.692415 477
0 0.268741 0.50284 0.0188667 0.047272 0.717585 327
0 0.778058 0.597666 0.0150638 0.0401121 0.681281 228
0 0.750034 0.358058 0.0199123 0.050237 0.703612 824
0 0.605739 0.457971 0.0185981 0.037975 0.761203 827
0 0.806055 0.236979 0.033117 0.0646542 0.42716 828
0 0.0913212 0.462115 0.0632629 0.124785 0.777481 829
0 0.282626 0.543494 0.017393 0.0405201 0.581386 833
0 0.827521 0.607116 0.0145087 0.0316492 0.623379 840
0 0.673288 0.417862 0.0454281 0.0855099 0.49285 847
0 0.266743 0.596833 0.015796 0.0404761 0.685224 852
0 0.85751 0.431831 0.0508281 0.0825637 0.421509 861
0 0.878338 0.240197 0.0246657 0.0593349 0.58168 865
0 0.589321 0.525533 0.0222841 0.0484711 0.704077 867
0 0.695331 0.57694 0.0338753 0.0776156 0.532134 868
0 0.566646 0.561025 0.0186817 0.0383431 0.695082 869
0 0.50123 0.171845 0.0179594 0.0357313 0.629859 870
0 0.719227 0.152388 0.0140481 0.037577 0.636162 871
0 0.696671 0.149391 0.0195728 0.0468209 0.699007 873
0 0.666716 0.276446 0.0173011 0.0425531 0.687649 874
0 0.44543 0.125543 0.0954139 0.186045 0.82772 875
0 0.544538 0.164511 0.0292668 0.0726258 0.580348 877
0 0.837816 0.255679 0.0162 0.0440067 0.632923 879
0 0.728907 0.288988 0.0403004 0.0728877 0.462272 886
0 0.645736 0.493874 0.0167151 0.0377622 0.690293 888
0 0.623053 0.48624 0.0200962 0.0382883 0.746914 901
0 0.278186 0.229593 0.0152312 0.0366 0.601165 902
0 0.286241 0.586776 0.0148254 0.0343634 0.515878 907
0 0.74171 0.195781 0.0157606 0.0366104 0.736977 909
0 0.716619 0.36353 0.0166447 0.0283715 0.41568 917
0 0.763252 0.555279 0.0146555 0.0418479 0.585326 648
0 0.719795 0.39776 0.0160298 0.0270648 0.633603 943
0 0.38843 0.336742 0.0153242 0.0322031 0.64187 725
0 0.510051 0.131006 0.015093 0.0364298 0.69797 945
0 0.965728 0.516915 0.0171417 0.0393497 0.691658 946
0 0.691264 0.469351 0.0165328 0.0369542 0.701773 950
0 0.668935 0.721022 0.0229311 0.0742101 0.546078 59
0 0.519299 0.480871 0.0150883 0.0325004 0.747399 768
0 0.255024 0.242997 0.0161648 0.0441565 0.729451 965
0 0.56091 0.117647 0.0176584 0.0309861 0.380742 968
0 0.145989 0.511206 0.0154215 0.0401361 0.729634 790
0 0.896478 0.283757 0.0128961 0.0366825 0.507379 906
0 0.277023 0.163558 0.0573609 0.101924 0.700418 988
0 0.601787 0.116166 0.0303349 0.0697864 0.533181 994
0 0.624308 0.537906 0.0240165 0.0495884 0.571714 1001
0 0.7389 0.147154 0.0143442 0.0302617 0.449401 1002
0 0.34144 0.312072 0.0226506 0.0385929 0.631573 1008
0 0.820533 0.0990045 0.0894222 0.165914 0.774072 174
0 0.168189 0.512277 0.0124436 0.0343605 0.480153 1025
0 0.120666 0.289824 0.0428458 0.0959872 0.422699 1027
0 0.858778 0.174411 0.06535 0.0860389 0.643056 1032
0 0.218188 0.550317 0.0130125 0.0371546 0.552001 1040
0 0.73353 0.100385 0.0417876 0.0594584 0.469373 1041
0 0.621404 0.634325 0.0163214 0.0287526 0.598018 1048
0 0.517773 0.0697048 0.0266465 0.068537 0.560212 1049
0 0.633923 0.447479 0.0128484 0.0311374 0.456556 1053
0 0.380898 0.287593 0.0136066 0.0211461 0.393937 1055
0 0.173726 0.233225 0.0196537 0.0509164 0.735385 1056
0 0.574327 0.177248 0.0144039 0.0378438 0.582271 1057
0 0.52899 0.707863 0.0116335 0.0337906 0.501982 1059
0 0.835677 0.503483 0.0162244 0.0419698 0.784513 1064
0 0.919177 0.210618 0.0374224 0.0825796 0.49178 1065
0 0.203009 0.187367 0.0192832 0.0605614 0.68274 1066
0 0.97887 0.483506 0.0179276 0.0444159 0.731461 1068
0 0.241574 0.540636 0.0177529 0.0370445 0.658927 1073
0 0.367498 0.132893 0.0988725 0.188937 0.740964 1075
0 0.775762 0.279198 0.0131744 0.0391281 0.45013 1085
0 0.418397 0.933629 0.0160293 0.0429152 0.662979 517
0 0.815845 0.588472 0.0139062 0.0205212 0.495033 999
0 0.232471 0.112174 0.0587661 0.088469 0.728466 1087
0 0.40443 0.804782 0.0280066 0.0547636 0.377883 910
0 0.928038 0.71975 0.0114538 0.0327617 0.33749 72
0 0.548638 0.916104 0.0159101 0.043493 0.557589 127
0 0.416334 0.764038 0.0210293 0.0521519 0.384529 1116
0 0.173115 0.17281 0.0163326 0.0446725 0.69083 1119
0 0.682876 0.0418854 0.0238884 0.0624283 0.576988 1122
0 0.905141 0.488306 0.0117207 0.0289281 0.434475 1129
0 0.702467 0.335838 0.0106442 0.0318846 0.467954 1132
0 0.442947 0.0345425 0.0196743 0.0518513 0.468469 480
0 0.0629014 0.689977 0.0198395 0.0509511 0.616153 972
0 0.756213 0.455919 0.0123045 0.0248498 0.591367 884
0 0.889546 0.874829 0.0355074 0.0772521 0.604318 47
0 0.649523 0.575967 0.0173439 0.0437406 0.703913 1138
0 0.49746 0.0202668 0.0155863 0.0353704 0.662168 1143
0 0.685147 0.117039 0.0135266 0.0274824 0.466845 1144
0 0.50221 0.207035 0.0157318 0.0183838 0.477269 1150
0 0.395492 0.303105 0.013281 0.0222849 0.684029 1151
0 0.74695 0.0382982 0.0232635 0.0511475 0.537238 1153
0 0.331904 0.331352 0.0164717 0.0371445 0.560388 887
0 0.630487 0.945564 0.01452 0.0434925 0.608175 300
0 0.623504 0.677749 0.027217 0.0520668 0.370471 451
0 0.573153 0.0410767 0.0561445 0.0605574 0.808462 6
0 0.172899 0.72639 0.0165311 0.0491232 0.579196 628
0 0.433887 0.680493 0.012823 0.0377226 0.385071 832
0 0.0505311 0.547299 0.014738 0.0435515 0.401333 1019
0 0.579635 0.34921 0.0138396 0.0371361 0.691107 706
0 0.204378 0.317715 0.018184 0.0676597 0.406989 705
0 0.881756 0.658328 0.0123335 0.020456 0.31079 983
0 0.858396 0.515611 0.0102165 0.0305262 0.378681 1074
0 0.330493 0.501701 0.0120623 0.037497 0.437018 744
0 0.414159 0.790658 0.0296146 0.0774043 0.349074 54
