0 0.583296 0.52796 0.10225 0.160344 0.669195 274
0 0.672213 0.477284 0.0583576 0.106617 0.398811 386
0 0.440864 0.896991 0.0194514 0.0536736 0.609034 31
0 0.662371 0.827975 0.0305902 0.0788287 0.56059 269
0 0.470875 0.942137 0.0271294 0.0802194 0.581071 563
0 0.86327 0.821445 0.0494464 0.088331 0.57507 594
0 0.722063 0.77265 0.0171997 0.0441071 0.754875 601
0 0.816541 0.756502 0.0194003 0.0467072 0.701532 620
0 0.74836 0.666148 0.102548 0.169092 0.754604 249
0 0.833307 0.788791 0.0211348 0.0529601 0.555396 656
0 0.718727 0.913846 0.0174571 0.0452946 0.432398 219
0 0.36633 0.654876 0.0213737 0.0495158 0.660073 711
0 0.501471 0.623835 0.0196691 0.0518424 0.735624 717
0 0.549755 0.698452 0.0183921 0.0481741 0.720873 806
0 0.896207 0.611634 0.144907 0.231219 0.826527 811
0 0.664601 0.741251 0.0198095 0.0658178 0.61786 302
0 0.767898 0.455913 0.0176527 0.0572753 0.726284 828
0 0.606929 0.735146 0.0250793 0.0689117 0.465932 847
0 0.822333 0.485961 0.0543919 0.10849 0.526079 865
0 0.654787 0.395931 0.0220646 0.0531596 0.752065 873
0 0.42346 0.623974 0.052882 0.0934953 0.381056 875
0 0.498402 0.489151 0.0472802 0.0843117 0.34596 877
0 0.776154 0.537118 0.0222222 0.0630091 0.694934 879
0 0.693118 0.533391 0.0490533 0.0915983 0.500844 886
0 0.226914 0.71822 0.013833 0.0524162 0.452956 902
0 0.703666 0.417401 0.0190015 0.0477206 0.700812 909
0 0.636239 0.749452 0.0172651 0.0330456 0.350052 943
0 0.468537 0.52613 0.0133706 0.038005 0.400927 945
0 0.814491 0.569935 0.0169533 0.0488185 0.622363 906
0 0.554505 0.363441 0.0532354 0.106159 0.331565 994
0 0.776623 0.304241 0.112717 0.215677 0.812897 174
0 0.0778161 0.680078 0.0258452 0.0754301 0.597586 1027
0 0.476261 0.395989 0.0534901 0.0854802 0.452309 1049
0 0.537073 0.448403 0.0192612 0.0438101 0.663807 1057
0 0.776415 0.812194 0.0165112 0.0431456 0.723603 1064
0 0.898097 0.378155 0.040628 0.0909453 0.545726 1065
0 0.193669 0.608547 0.0457917 0.0863505 0.603231 1066
0 0.168135 0.520102 0.0310012 0.0789874 0.465707 1087
0 0.141241 0.581346 0.0188381 0.0637275 0.556711 1119
0 0.638569 0.300835 0.0222659 0.0574915 0.532256 1122
0 0.468241 0.121269 0.061331 0.0949646 0.640208 480
0 0.480747 0.263346 0.0172132 0.0411173 0.723728 1143
0 0.730795 0.198795 0.0276166 0.0766468 0.527955 1153
0 0.609985 0.256585 0.0187127 0.053969 0.766286 1161
0 0.370588 0.362748 0.0689391 0.119095 0.667736 1195
0 0.654889 0.221708 0.0172597 0.0518708 0.763462 1198
0 0.283022 0.623974 0.0923101 0.16625 0.789042 1202
0 0.733452 0.528781 0.0176658 0.0394909 0.569708 1204
0 0.870565 0.274615 0.0153444 0.0414086 0.665157 1205
0 0.139085 0.461983 0.0259218 0.0722452 0.547063 1221
0 0.952425 0.744253 0.024964 0.0594067 0.689523 1239
0 0.526305 0.196022 0.056819 0.0992047 0.667655 1247
0 0.54434 0.267856 0.0806818 0.0947955 0.77119 93
0 0.76232 0.186274 0.0153744 0.0436852 0.396915 1254
0 0.236766 0.309286 0.0824399 0.11659 0.807956 1255
0 0.620327 0.142336 0.060584 0.120044 0.703792 1258
0 0.390225 0.250559 0.0193656 0.0507078 0.713201 1264
0 0.409001 0.204084 0.0195638 0.0507711 0.601612 1267
0 0.717277 0.148796 0.016528 0.0343601 0.61217 1285
0 0.74456 0.146548 0.0149026 0.0285022 0.631998 1287
0 0.430034 0.251662 0.0279876 0.0655371 0.334745 1304
0 0.479117 0.202697 0.0224241 0.0660527 0.577182 1312
0 0.115373 0.508819 0.019145 0.0665616 0.349564 1328
0 0.576722 0.188231 0.0158323 0.0440037 0.690007 1334
0 0.337082 0.517378 0.0207928 0.0612636 0.59517 1226
0 0.694344 0.0989873 0.0555079 0.107786 0.742025 1345
0 0.32286 0.17953 0.0184602 0.0510542 0.672347 1393
0 0.936497 0.310227 0.0146437 0.0481525 0.412519 1414
0 0.688497 0.292532 0.0188397 0.0517191 0.677851 1420
0 0.575563 0.138218 0.015098 0.0401843 0.516995 1425
0 0.764496 0.136998 0.0157848 0.0420796 0.625497 1428
0 0.398292 0.153511 0.0204813 0.0535235 0.640279 1429
0 0.741889 0.098936 0.0180584 0.0539315 0.66308 1442
0 0.965797 0.474563 0.0187703 0.0428307 0.602626 1447
0 0.642447 0.362015 0.0151789 0.0307404 0.498243 1144
0 0.892698 0.753382 0.015678 0.0410165 0.698714 946
0 0.693161 0.347798 0.0236272 0.0539597 0.406851 1041
0 0.450095 0.326584 0.0203439 0.0542246 0.710699 1365
0 0.344822 0.303505 0.0174506 0.0519777 0.61379 1469
0 0.315156 0.254803 0.021996 0.0599472 0.729939 1470
0 0.163073 0.393248 0.0176259 0.0563463 0.691733 1472
0 0.302922 0.490725 0.0236371 0.0685122 0.48701 1473
0 0.852076 0.299189 0.0198061 0.0372353 0.598571 1482
0 0.688267 0.188232 0.0184418 0.0471901 0.475157 1199
0 0.190341 0.435453 0.0146993 0.0483183 0.501436 1490
0 0.335072 0.215005 0.015631 0.0322777 0.482324 1498
0 0.218816 0.46832 0.0273305 0.0766772 0.440162 1266
0 0.833485 0.369365 0.0602425 0.103587 0.344804 1032
0 0.63 0.397037 0.0144443 0.0397367 0.780974 1431
0 0.87505 0.466189 0.0172832 0.0435257 0.72652 1514
0 0.588753 0.0591646 0.0551902 0.0982308 0.584106 1515
0 0.964679 0.794348 0.0177939 0.0379794 0.575387 1516
0 0.261594 0.225022 0.0221638 0.0543275 0.6081 1525
0 0.710563 0.859083 0.0230798 0.0751403 0.652005 648
0 0.295885 0.211374 0.0160059 0.0427038 0.56057 1415
0 0.356043 0.0521135 0.0571101 0.104227 0.621837 907
0 0.43333 0.0627194 0.0710425 0.112952 0.762801 1537
0 0.218269 0.553844 0.0173972 0.0557197 0.557221 1538
0 0.815907 0.145037 0.0187364 0.0535496 0.603806 1552
0 0.259281 0.502996 0.0306872 0.0738864 0.546274 988
0 0.453987 0.724758 0.021413 0.0626423 0.6666 625
0 0.322168 0.389177 0.0189472 0.0577745 0.670081 1056
0 0.529505 0.0531587 0.0410926 0.0907888 0.446071 1562
0 0.982211 0.707246 0.0150538 0.0404154 0.777749 1563
0 0.986506 0.581724 0.0112762 0.0285547 0.363483 1564
0 0.392315 0.432045 0.0249725 0.0666825 0.53622 1567
0 0.873416 0.889867 0.111123 0.168943 0.352096 784
0 0.909092 0.710229 0.016892 0.0434822 0.605203 1068
0 0.914521 0.780217 0.0145969 0.0408439 0.665639 1583
0 0.664394 0.172517 0.0144829 0.0414121 0.678197 1584
0 0.0763249 0.492162 0.0444537 0.128022 0.678944 1589
0 0.257315 0.436244 0.0181456 0.0536367 0.705376 1602
0 0.498343 0.854073 0.0193247 0.0539602 0.388715 721
0 0.729484 0.575128 0.0175771 0.0398116 0.673797 1085
0 0.516549 0.693684 0.0232243 0.0612465 0.556361 1220
0 0.580864 0.928366 0.016333 0.0524643 0.422691 1001
0 0.459525 0.850302 0.0240477 0.0743103 0.368792 912
0 0.491272 0.301102 0.0134784 0.0334332 0.692423 1359
0 0.607095 0.395716 0.0178448 0.0469004 0.656346 1402
0 0.51191 0.756841 0.0196515 0.0558647 0.722781 1616
0 0.548437 0.773092 0.0186055 0.0562635 0.746855 1620
0 0.900552 0.191974 0.079599 0.156902 0.599003 1632
0 0.113288 0.422213 0.0163208 0.0514931 0.624868 1638
0 0.613986 0.352723 0.010974 0.028726 0.424125 1640
0 0.391066 0.692075 0.0167907 0.0518916 0.637609 1645
0 0.431956 0.806147 0.0262273 0.0824133 0.377635 1207
0 0.202287 0.742684 0.0181676 0.0709397 0.55628 965
0 0.581605 0.355558 0.0142543 0.0324742 0.363687 1336
0 0.58423 0.798126 0.0184431 0.0533836 0.470779 1354
0 0.574033 0.725716 0.0160857 0.0340127 0.3896 888
0 0.385991 0.843545 0.0282714 0.0819051 0.454469 805
0 0.321577 0.670534 0.0244413 0.0775063 0.565091 704
0 0.797283 0.697111 0.0257883 0.0592853 0.431915 861
0 0.652298 0.6633 0.0218304 0.0664583 0.432883 917
0 0.702322 0.188467 0.0239848 0.0508007 0.400492 1293
0 0.371665 0.285996 0.0156553 0.0384362 0.532434 1277
0 0.355377 0.716134 0.0249977 0.0684958 0.522057 630
0 0.606458 0.835503 0.0315929 0.0936096 0.448813 950
0 0.455923 0.486113 0.0145825 0.0404972 0.480341 1150
0 0.534476 0.613603 0.0147594 0.0416386 0.484946 706
0 0.37028 0.59951 0.0195113 0.0544302 0.640509 1174
0 0.689216 0.83876 0.0119791 0.0349954 0.447243 1234
0 0.366508 0.919564 0.0149086 0.0456746 0.540693 562
0 0.33387 0.806397 0.0215821 0.0605737 0.521676 887
0 0.573983 0.762491 0.0152123 0.0348751 0.40218 1053
0 0.761019 0.145538 0.0531412 0.0535211 0.80834 1129
0 0.563871 0.841172 0.0237009 0.0805312 0.655532 1256
0 0.287872 0.144859 0.0702625 0.140481 0.809229 312
0 0.365669 0.796479 0.0194518 0.0524775 0.37695 514
0 0.803484 0.657664 0.0145444 0.0315374 0.308214 369
0 0.788884 0.785714 0.0129799 0.0294906 0.535889 1074
0 0.853659 0.261177 0.0123284 0.0262513 0.408674 1357
