0 0.634538 0.825365 0.0185763 0.054748 0.507472 386
0 0.837537 0.822492 0.0204073 0.0470835 0.60103 811
0 0.677566 0.81702 0.0241559 0.0677679 0.757193 828
0 0.761068 0.743963 0.0519531 0.0767179 0.581901 865
0 0.731432 0.52883 0.122118 0.197718 0.83415 174
0 0.418597 0.876782 0.0167925 0.0439726 0.52038 1049
0 0.888227 0.555467 0.0585899 0.109978 0.710392 1065
0 0.432161 0.430899 0.05519 0.11584 0.514381 480
0 0.473732 0.556814 0.015336 0.0433251 0.511984 1143
0 0.679109 0.432037 0.0316135 0.0792556 0.510042 1153
0 0.318584 0.769603 0.0308657 0.0719623 0.357066 1195
0 0.605004 0.521121 0.0188129 0.0509536 0.659076 1198
0 0.831555 0.467319 0.0131252 0.0353317 0.53687 1205
0 0.497223 0.486239 0.0482481 0.0938529 0.538119 1247
0 0.528194 0.579663 0.0717591 0.144896 0.728563 93
0 0.715342 0.408616 0.0189553 0.0413379 0.61935 1254
0 0.614154 0.380822 0.108143 0.160787 0.78789 1258
0 0.368184 0.646171 0.0230996 0.072331 0.722289 1264
0 0.437642 0.147918 0.117086 0.190076 0.833573 1285
0 0.68885 0.372945 0.0167813 0.0297546 0.350833 1287
0 0.401194 0.594899 0.0294351 0.0799901 0.446955 1304
0 0.543249 0.475029 0.0179649 0.0472935 0.615928 1334
0 0.290879 0.607073 0.0183561 0.0566042 0.67298 1393
0 0.881298 0.455766 0.0176755 0.0479334 0.744709 1414
0 0.634256 0.583048 0.0215897 0.0619066 0.476207 1420
0 0.716794 0.361055 0.0183458 0.0348916 0.488488 1428
0 0.37435 0.489566 0.0250829 0.0708331 0.595757 1429
0 0.695981 0.324983 0.0261847 0.0586808 0.634013 1442
0 0.913057 0.690614 0.0230582 0.0583546 0.648303 1447
0 0.646998 0.641177 0.0258204 0.0655829 0.351728 1041
0 0.403557 0.766097 0.0222319 0.0630646 0.525178 1365
0 0.318348 0.703702 0.0186485 0.056131 0.524085 1469
0 0.28622 0.689242 0.0199315 0.0709026 0.636746 1470
0 0.626715 0.472569 0.0195804 0.0480698 0.679271 1199
0 0.820648 0.548976 0.0562073 0.116553 0.64721 1032
0 0.79129 0.683589 0.0187843 0.0481178 0.59689 1514
0 0.545681 0.339249 0.0503058 0.105414 0.622301 1515
0 0.304031 0.381074 0.0319502 0.0779552 0.536015 907
0 0.386413 0.379571 0.0641721 0.135774 0.690811 1537
0 0.75168 0.377431 0.023961 0.0580863 0.720966 1552
0 0.492503 0.327179 0.0382022 0.11681 0.528777 1562
0 0.427342 0.725944 0.0194273 0.0448661 0.569023 1359
0 0.899019 0.284753 0.18242 0.205115 0.710457 1632
0 0.775399 0.266265 0.024624 0.0547093 0.595421 1656
0 0.44804 0.323662 0.0204383 0.0587354 0.780405 1658
0 0.93258 0.442343 0.0642407 0.118196 0.72834 1664
0 0.68282 0.226781 0.0594129 0.110771 0.761014 1129
0 0.80832 0.853567 0.0230491 0.0498419 0.61976 1691
0 0.383481 0.865951 0.0210064 0.062664 0.668549 1693
0 0.41178 0.685971 0.0229499 0.0611521 0.614759 1717
0 0.457794 0.82431 0.018619 0.0608689 0.362727 1332
0 0.47822 0.898886 0.0193304 0.0606408 0.642959 710
0 0.866225 0.701878 0.0224422 0.0601524 0.493755 1731
0 0.896092 0.813093 0.0181202 0.0488516 0.793105 1735
0 0.914596 0.757516 0.0157164 0.045124 0.705217 1738
0 0.739736 0.304064 0.0210068 0.0519826 0.677546 1739
0 0.890505 0.641639 0.0201266 0.0534235 0.720397 1743
0 0.946008 0.529738 0.016711 0.041346 0.699687 1744
0 0.980077 0.61752 0.0393028 0.0986102 0.594552 1745
0 0.871426 0.791405 0.0205752 0.0475027 0.761957 369
0 0.346973 0.581616 0.0262079 0.0789458 0.533419 1775
0 0.102816 0.682943 0.0752473 0.181758 0.682116 1779
0 0.816883 0.749458 0.0197801 0.053683 0.479108 1781
0 0.63871 0.132108 0.121112 0.192461 0.801686 1817
0 0.804543 0.152046 0.127357 0.160265 0.789527 1823
0 0.317733 0.559495 0.0194034 0.0578 0.583894 1826
0 0.812668 0.465133 0.0153304 0.0388954 0.59258 1357
0 0.154966 0.58273 0.0553163 0.162935 0.440707 1849
0 0.215882 0.390467 0.0186331 0.0587737 0.587173 1852
0 0.812265 0.801866 0.0174668 0.0380201 0.576386 1856
0 0.259689 0.366117 0.0219241 0.0670218 0.707024 1869
0 0.789504 0.798618 0.0170856 0.0472873 0.611159 883
0 0.314875 0.455857 0.0638973 0.100775 0.681908 1308
0 0.218173 0.553942 0.0854319 0.157933 0.665663 874
0 0.556651 0.207229 0.01997 0.0494955 0.641508 1895
0 0.322925 0.303551 0.0235413 0.0635001 0.701389 1896
0 0.45836 0.695264 0.0186897 0.0468745 0.594015 1897
0 0.422972 0.289136 0.0141871 0.0413768 0.365657 1923
0 0.869847 0.882026 0.0188473 0.051502 0.75021 1563
0 0.966051 0.729001 0.0623721 0.10572 0.765416 1564
0 0.694504 0.137949 0.0231959 0.0554937 0.672239 1930
0 0.232948 0.318515 0.0207557 0.0593629 0.596702 1931
0 0.633052 0.237028 0.0197821 0.0561785 0.666021 1948
0 0.689442 0.744732 0.0210407 0.0580953 0.791773 1959
0 0.313738 0.166866 0.0165232 0.0429131 0.690707 1961
0 0.230667 0.245333 0.0180757 0.0515852 0.61249 1964
0 0.537027 0.153977 0.0405132 0.0850532 0.606335 1966
0 0.263944 0.182105 0.0458115 0.0667318 0.668248 1978
0 0.981572 0.539392 0.0159264 0.0410254 0.689036 1989
0 0.218386 0.451557 0.0154417 0.0482816 0.352002 1990
0 0.200698 0.220282 0.0190344 0.057765 0.561802 1993
0 0.467846 0.609337 0.0168396 0.0446145 0.644998 1994
0 0.108892 0.43436 0.0167339 0.0595693 0.344491 2001
0 0.281808 0.257841 0.056765 0.0867887 0.607014 2002
0 0.268269 0.427396 0.0142232 0.0349637 0.485688 2006
0 0.934303 0.609226 0.0430783 0.0987866 0.482369 2016
0 0.639085 0.562135 0.0336166 0.0628605 0.537178 1144
0 0.716906 0.788756 0.019584 0.0543555 0.512223 879
0 0.576708 0.739197 0.0153384 0.04676 0.472463 1402
0 0.784141 0.37548 0.0229249 0.0435041 0.499149 1767
0 0.230614 0.698509 0.0246922 0.0660245 0.369021 1525
0 0.872795 0.753318 0.0169795 0.0484432 0.753219 2017
0 0.366727 0.0928951 0.0985326 0.159767 0.770535 2021
0 0.521271 0.26526 0.0238602 0.050207 0.449516 2027
0 0.442396 0.529286 0.043093 0.0917731 0.545067 2031
0 0.302905 0.126695 0.0163865 0.0412688 0.6406 2033
0 0.843896 0.634037 0.0244904 0.0606935 0.560833 2036
0 0.507875 0.700932 0.0236873 0.0635215 0.53537 1348
0 0.583523 0.584611 0.0208029 0.0590575 0.692629 1122
0 0.673191 0.163302 0.017354 0.0392689 0.518648 1943
0 0.922939 0.863402 0.0225143 0.0529693 0.641324 2048
0 0.743268 0.0734351 0.021347 0.0450084 0.670665 2050
0 0.985293 0.496848 0.0151637 0.0347974 0.620663 2055
0 0.605581 0.258679 0.0132247 0.0358067 0.474517 2058
0 0.787452 0.320969 0.025462 0.0549083 0.649841 2063
0 0.182312 0.344023 0.0411838 0.0798474 0.537246 2067
0 0.933099 0.895213 0.0129908 0.0251082 0.546428 2072
0 0.669004 0.651111 0.0145378 0.0410214 0.549364 871
0 0.840338 0.767382 0.0214189 0.0528093 0.709486 1758
0 0.603844 0.72712 0.0202182 0.0584171 0.68476 873
0 0.595947 0.69311 0.0163149 0.0393217 0.540895 1431
0 0.507727 0.79306 0.0341015 0.0783639 0.386963 994
0 0.625242 0.779228 0.0203638 0.0497795 0.753343 1950
0 0.722227 0.0409173 0.0221259 0.048573 0.697649 2077
0 0.120752 0.338004 0.0525024 0.122208 0.618602 2078
0 0.830957 0.248133 0.0161816 0.0404394 0.52654 2081
0 0.604307 0.0520589 0.0595402 0.0941354 0.634809 2083
0 0.188012 0.450097 0.021549 0.0811059 0.666279 2084
0 0.446179 0.744993 0.0194368 0.0508041 0.692428 2085
0 0.247105 0.518263 0.0186618 0.0607516 0.569274 2090
0 0.722722 0.289596 0.0163011 0.0375108 0.40823 2102
0 0.640246 0.441293 0.0151448 0.0384763 0.522395 1584
0 0.553569 0.754676 0.0255184 0.0780919 0.406893 1864
0 0.559052 0.824234 0.0203691 0.0687289 0.614783 274
0 0.809547 0.294511 0.0155126 0.0318526 0.617216 1901
0 0.538438 0.885673 0.0218722 0.0614118 0.687722 806
0 0.760927 0.803266 0.016162 0.0477547 0.528507 1204
0 0.829785 0.884888 0.023297 0.0559158 0.683516 594
0 0.745356 0.935573 0.0133466 0.0397716 0.344846 1412
0 0.653396 0.826718 0.0122797 0.0425265 0.330865 1367
0 0.140276 0.442821 0.0143203 0.045669 0.569432 2018
