0 0.808375 0.704637 0.120009 0.189555 0.783421 1
0 0.267541 0.510502 0.0229044 0.0681324 0.680046 2
0 0.934472 0.667818 0.0824667 0.18546 0.771856 5
0 0.446706 0.350605 0.019338 0.0494026 0.7289 6
0 0.701499 0.646241 0.0192084 0.0345934 0.5483 7
0 0.339841 0.594031 0.0915859 0.18975 0.738024 8
0 0.677081 0.286864 0.0388274 0.07327 0.467396 13
0 0.528769 0.612631 0.0204689 0.0486259 0.718489 16
0 0.703827 0.579065 0.0249723 0.0574796 0.599943 18
0 0.756099 0.598925 0.0235019 0.0560488 0.687438 21
0 0.911912 0.818092 0.0276133 0.0473363 0.525686 23
0 0.641278 0.649166 0.0196491 0.0589377 0.427751 29
0 0.196092 0.63826 0.0193159 0.0667173 0.518785 33
0 0.696151 0.728564 0.0320869 0.0804257 0.458734 45
0 0.887814 0.571923 0.0192494 0.0414058 0.720379 47
0 0.510382 0.677144 0.0305254 0.0672477 0.569767 48
0 0.475991 0.636998 0.0232671 0.0621269 0.605163 50
0 0.887132 0.502022 0.0251539 0.0681719 0.580807 60
0 0.820792 0.498015 0.0967073 0.145088 0.840975 63
0 0.188312 0.723529 0.0208579 0.0762172 0.611635 64
0 0.330642 0.368097 0.0375298 0.0840264 0.410455 68
0 0.251907 0.6709 0.020085 0.0691902 0.594782 77
0 0.913079 0.405773 0.0523701 0.0819777 0.416933 80
0 0.708342 0.480873 0.0252846 0.0607105 0.53926 95
0 0.52203 0.524049 0.0218509 0.062754 0.446573 98
0 0.640672 0.492447 0.0210202 0.046399 0.572821 102
0 0.401929 0.85127 0.0438157 0.0974861 0.327129 109
0 0.461907 0.845007 0.0243782 0.0742783 0.487496 111
0 0.394247 0.120059 0.0473357 0.0594921 0.511443 119
0 0.7465 0.437362 0.0488822 0.0783663 0.670909 121
0 0.163361 0.374294 0.0833456 0.179782 0.778862 128
0 0.886365 0.856157 0.0183342 0.0455019 0.672675 154
0 0.270197 0.296587 0.131408 0.297728 0.701863 156
0 0.938145 0.488771 0.0439549 0.0799082 0.493398 163
0 0.46051 0.705112 0.0395824 0.0817931 0.397753 174
0 0.98107 0.703732 0.0320564 0.109114 0.434553 185
0 0.411817 0.389587 0.0734513 0.0861373 0.776697 189
0 0.97059 0.803832 0.0501627 0.0995716 0.624836 234
0 0.530653 0.834371 0.0317706 0.0931358 0.411177 19
0 0.156967 0.639844 0.0258305 0.0691706 0.372529 71
0 0.617846 0.813959 0.0231391 0.0691024 0.798333 82
0 0.875722 0.380347 0.0192385 0.0533424 0.762322 260
0 0.593986 0.647396 0.0459293 0.0832383 0.489671 113
0 0.765605 0.0977258 0.165066 0.169053 0.718159 274
0 0.0904714 0.570136 0.0263264 0.0861613 0.374515 275
0 0.960226 0.406475 0.0120405 0.0376427 0.373151 294
0 0.630058 0.395623 0.0285634 0.0486941 0.595958 299
0 0.785955 0.191741 0.0199599 0.0463018 0.515919 302
0 0.252135 0.74441 0.0196732 0.0616845 0.425346 17
0 0.839694 0.953427 0.0190881 0.0447086 0.643377 32
0 0.959029 0.539018 0.0147052 0.0402782 0.64416 72
0 0.913087 0.329378 0.0190366 0.0528007 0.681746 312
0 0.318339 0.143395 0.0170501 0.0487083 0.666051 327
0 0.363149 0.0985588 0.0594705 0.104465 0.670212 329
0 0.191506 0.470265 0.020667 0.0610558 0.557209 331
0 0.430818 0.0859129 0.0487082 0.106227 0.711726 337
0 0.557808 0.727061 0.0309087 0.0756804 0.612121 344
0 0.478549 0.541202 0.0476477 0.10517 0.635003 58
0 0.508128 0.47619 0.019407 0.0471282 0.617593 89
0 0.306638 0.807694 0.0362739 0.0840961 0.52494 46
0 0.822635 0.585036 0.0128837 0.0364117 0.417765 84
0 0.700875 0.851577 0.0208825 0.0702213 0.672583 78
0 0.365507 0.821204 0.0197904 0.0547527 0.476034 364
0 0.922257 0.261461 0.0175475 0.0433171 0.574196 369
0 0.668921 0.522725 0.0211188 0.0516 0.682951 370
0 0.523997 0.362274 0.0215006 0.0541916 0.437004 380
0 0.852844 0.137711 0.0827879 0.102983 0.576353 386
0 0.744483 0.52273 0.0266108 0.0698898 0.486362 387
0 0.661855 0.831928 0.0274399 0.0885159 0.577052 402
0 0.51128 0.425166 0.0186695 0.0453524 0.663026 54
0 0.650383 0.732157 0.0387761 0.0979377 0.374149 57
0 0.743123 0.669437 0.0192648 0.039642 0.594532 117
0 0.187104 0.541141 0.0230242 0.0735042 0.432981 204
0 0.422092 0.550632 0.0270982 0.0673522 0.573841 83
0 0.470681 0.454595 0.04231 0.0786919 0.5129 114
0 0.135026 0.521806 0.0177451 0.0629476 0.681087 407
0 0.431353 0.490622 0.0179131 0.0470944 0.472855 424
0 0.0827155 0.439113 0.0508543 0.149942 0.698609 434
0 0.56617 0.418002 0.068226 0.159655 0.763298 3
0 0.510285 0.748158 0.0224535 0.0666264 0.496786 104
0 0.645559 0.572166 0.0306409 0.0662729 0.422506 127
0 0.678309 0.630804 0.020645 0.0619072 0.733785 86
0 0.231064 0.552223 0.02235 0.0626658 0.517073 265
0 0.57061 0.794883 0.0177979 0.0516575 0.555292 30
0 0.723504 0.269175 0.0241343 0.0571901 0.550294 101
0 0.367087 0.364975 0.018979 0.0544428 0.614329 170
0 0.719505 0.617828 0.023671 0.041403 0.558354 300
0 0.652728 0.344743 0.0189828 0.0472318 0.741283 448
0 0.371701 0.685403 0.0198075 0.052685 0.470115 450
0 0.659062 0.404395 0.0155366 0.0468366 0.571685 451
0 0.228371 0.634158 0.0219496 0.0700581 0.613442 452
0 0.559416 0.524124 0.0182228 0.0462868 0.609862 454
0 0.620539 0.452987 0.0250691 0.0552872 0.55637 455
0 0.775343 0.267118 0.0247939 0.059604 0.693937 456
0 0.270743 0.58888 0.0224582 0.0651424 0.667842 459
0 0.126713 0.334898 0.0183344 0.0559956 0.642894 464
0 0.404199 0.383497 0.0426016 0.0953913 0.433198 465
0 0.90968 0.539652 0.0156339 0.0412903 0.532708 467
0 0.29702 0.533919 0.0167246 0.0569357 0.491453 468
0 0.226826 0.49358 0.0209434 0.0554769 0.599977 470
0 0.735419 0.637973 0.0178691 0.0296857 0.513328 474
0 0.341431 0.439727 0.0193507 0.0597635 0.617074 475
0 0.36046 0.266196 0.0150158 0.038584 0.643213 476
0 0.426269 0.326605 0.0205362 0.0427724 0.602588 477
0 0.149811 0.229409 0.0232791 0.0654676 0.556296 480
0 0.508577 0.587529 0.0187376 0.0417954 0.640336 482
0 0.602869 0.502149 0.0168617 0.0393551 0.635099 140
0 0.137471 0.715306 0.0154513 0.0568652 0.384358 110
0 0.805471 0.3815 0.0607309 0.103711 0.708325 92
0 0.616344 0.538983 0.0203052 0.0497759 0.350369 139
0 0.258954 0.834525 0.0172842 0.039532 0.424561 94
0 0.489696 0.849154 0.0197013 0.0608199 0.544338 93
0 0.696766 0.743809 0.0441091 0.100166 0.418425 56
0 0.550502 0.0826575 0.096506 0.144126 0.765422 31
0 0.316503 0.709499 0.0573123 0.11618 0.324969 44
0 0.81455 0.286122 0.033532 0.055145 0.501166 269
0 0.867427 0.565268 0.0179576 0.0457741 0.52756 373
0 0.927304 0.853422 0.0130637 0.0327688 0.457518 388
0 0.854692 0.908125 0.0125388 0.0333714 0.443806 12
