0 0.83848 0.710132 0.0517424 0.100087 0.674497 80
0 0.333888 0.180098 0.106947 0.206874 0.701536 260
0 0.605753 0.319671 0.104202 0.169442 0.859463 274
0 0.839154 0.635537 0.0176324 0.0511466 0.39991 312
0 0.324065 0.568477 0.0998397 0.171072 0.776744 329
0 0.696005 0.312604 0.0497616 0.132603 0.544236 386
0 0.65238 0.607311 0.0215144 0.0612788 0.37464 101
0 0.690546 0.591178 0.0201974 0.049974 0.676962 456
0 0.713602 0.773839 0.0181397 0.0486301 0.648761 92
0 0.411832 0.497848 0.0253075 0.0558331 0.612227 514
0 0.498342 0.469995 0.101645 0.183373 0.801191 31
0 0.735661 0.593505 0.0497525 0.0824767 0.373873 269
0 0.531888 0.540863 0.0602498 0.116328 0.539629 563
0 0.939126 0.696832 0.110528 0.16856 0.837944 594
0 0.557883 0.592019 0.0214596 0.0552448 0.700681 225
0 0.796008 0.535885 0.0228786 0.0587816 0.472245 272
0 0.765037 0.526265 0.0165145 0.0416099 0.697265 601
0 0.466951 0.689457 0.0159647 0.0462278 0.612762 603
0 0.187643 0.471031 0.100782 0.208542 0.797921 604
0 0.863839 0.549736 0.0159201 0.0366485 0.700934 620
0 0.216701 0.797191 0.0252434 0.0854591 0.453578 624
0 0.4614 0.379168 0.066614 0.124422 0.624387 625
0 0.400897 0.445856 0.019061 0.0463349 0.487483 630
0 0.510888 0.667799 0.0521412 0.111823 0.498538 14
0 0.803392 0.431274 0.100062 0.132568 0.834668 249
0 0.876888 0.592349 0.0182975 0.0489573 0.437382 656
0 0.863472 0.645143 0.0150379 0.0384644 0.64572 674
0 0.474823 0.633296 0.0191093 0.048812 0.572397 682
0 0.336774 0.362857 0.0592156 0.099957 0.537905 692
0 0.470501 0.76216 0.0251535 0.0753927 0.609163 700
0 0.787195 0.625149 0.0499097 0.0883053 0.559028 219
0 0.360667 0.428269 0.0165696 0.0306044 0.53007 704
0 0.274304 0.446241 0.0191167 0.0507296 0.703 709
0 0.547101 0.297607 0.018559 0.043356 0.748159 710
0 0.400744 0.395169 0.0200357 0.041234 0.639646 711
0 0.335631 0.446432 0.0192638 0.0454927 0.633234 712
0 0.29127 0.362507 0.0228345 0.0492746 0.386998 713
0 0.216758 0.642404 0.0374472 0.0839451 0.466888 715
0 0.482712 0.584802 0.0144444 0.0348086 0.482832 716
0 0.518672 0.325123 0.0220027 0.0581703 0.680875 717
0 0.696692 0.846259 0.0225639 0.0539465 0.660434 718
0 0.855754 0.447797 0.0163995 0.0334872 0.588722 369
0 0.338646 0.737499 0.120425 0.158251 0.595729 775
0 0.90493 0.585809 0.0166348 0.0405984 0.68057 780
0 0.416235 0.561532 0.0224522 0.0554245 0.481977 805
0 0.626917 0.444233 0.0886665 0.123487 0.744273 806
0 0.936653 0.414833 0.113347 0.268268 0.848365 811
0 0.717552 0.517727 0.0415399 0.0864905 0.447324 302
0 0.860239 0.802073 0.0343458 0.06063 0.596563 467
0 0.25419 0.664276 0.015332 0.0400051 0.435201 327
0 0.735329 0.433919 0.0205878 0.0549166 0.639932 824
0 0.587528 0.552773 0.0173786 0.0383929 0.757234 827
0 0.795578 0.292286 0.0393333 0.0756973 0.355975 828
0 0.265824 0.707066 0.0153575 0.046648 0.587379 833
0 0.655492 0.518251 0.0487447 0.102627 0.494649 847
0 0.840036 0.50857 0.0498117 0.0914777 0.540015 861
0 0.871113 0.294656 0.0332035 0.0695611 0.383267 865
0 0.566683 0.649559 0.0202594 0.060739 0.641964 867
0 0.670331 0.681825 0.0371256 0.10322 0.513545 868
0 0.553325 0.702837 0.0154123 0.0467643 0.440561 869
0 0.492968 0.275583 0.01907 0.0495029 0.723684 870
0 0.710138 0.21397 0.0127215 0.0346569 0.466333 871
0 0.685608 0.219169 0.0189223 0.0445853 0.747961 873
0 0.657818 0.356698 0.0172655 0.0461632 0.757862 874
0 0.435988 0.225006 0.0927206 0.195711 0.794049 875
0 0.536681 0.234346 0.0253847 0.0637806 0.535045 877
0 0.825217 0.312891 0.0182252 0.046866 0.6466 879
0 0.716977 0.360703 0.0425211 0.0831951 0.516033 886
0 0.623108 0.595763 0.0164148 0.042712 0.468885 888
0 0.596708 0.594359 0.0213858 0.0466515 0.720344 901
0 0.267043 0.33113 0.0203501 0.0508455 0.651924 902
0 0.733953 0.255364 0.0161603 0.0381255 0.644525 909
0 0.701931 0.446924 0.0165211 0.0250657 0.306714 917
0 0.748636 0.638364 0.0136664 0.0370324 0.59696 648
0 0.704694 0.480121 0.0172521 0.026257 0.613143 943
0 0.373558 0.456342 0.0171827 0.0357172 0.691439 725
0 0.49752 0.223528 0.0142519 0.0379613 0.636329 945
0 0.948688 0.577257 0.0170162 0.0436031 0.503359 946
0 0.674613 0.56096 0.0183623 0.0436639 0.689458 950
0 0.6532 0.825893 0.0238256 0.0525014 0.72139 59
0 0.497132 0.61579 0.0145918 0.0391011 0.62689 768
0 0.233586 0.351651 0.018243 0.0434493 0.648505 965
0 0.551174 0.191483 0.0198053 0.0323823 0.624553 968
0 0.874759 0.355005 0.0144624 0.0402598 0.706967 906
0 0.267622 0.253308 0.0557011 0.0951716 0.720911 988
0 0.592279 0.191572 0.0309473 0.0748719 0.392991 994
0 0.608915 0.644628 0.0214688 0.0531212 0.519564 1001
0 0.730751 0.208175 0.0135329 0.0298235 0.493386 1002
0 0.812465 0.143321 0.109616 0.200417 0.829053 174
0 0.0980479 0.419659 0.0814473 0.171334 0.67781 1027
0 0.848218 0.21998 0.0666165 0.0986255 0.662124 1032
0 0.722663 0.162555 0.037439 0.0592967 0.316463 1041
0 0.506629 0.156541 0.0282364 0.0696226 0.519185 1049
0 0.613815 0.550991 0.0157915 0.0374845 0.689465 1053
0 0.367925 0.398198 0.0145524 0.0245559 0.470638 1055
0 0.168448 0.344077 0.0167202 0.0462999 0.671351 1056
0 0.565829 0.254977 0.0172221 0.0466127 0.66813 1057
0 0.821647 0.576091 0.015236 0.0399418 0.752819 1064
0 0.920639 0.238218 0.0564015 0.0808063 0.417188 1065
0 0.199063 0.29898 0.0191662 0.0532346 0.541205 1066
0 0.963303 0.541595 0.0170148 0.0432789 0.63988 1068
0 0.231024 0.70765 0.0143328 0.0412693 0.614838 1073
0 0.218422 0.179411 0.063446 0.143624 0.701685 1087
0 0.165029 0.284455 0.0173926 0.0510693 0.655421 1119
0 0.673787 0.122004 0.0330878 0.0672504 0.50052 1122
0 0.465904 0.0270493 0.0331243 0.0540986 0.477512 480
0 0.881769 0.937608 0.0301335 0.0545772 0.347224 47
0 0.629939 0.692046 0.0179042 0.0531025 0.681349 1138
0 0.484829 0.104246 0.0186175 0.0475547 0.652409 1143
0 0.676858 0.181723 0.0138177 0.0288248 0.496763 1144
0 0.743716 0.0692284 0.0239842 0.06844 0.570828 1153
0 0.593498 0.824636 0.0304402 0.0835874 0.583074 451
0 0.636483 0.0731487 0.0179339 0.0477497 0.731946 1161
0 0.60932 0.136308 0.027555 0.0609486 0.441533 1186
0 0.519967 0.755071 0.0239459 0.0687041 0.646743 27
0 0.312879 0.0911721 0.0990582 0.16457 0.832098 1195
0 0.677382 0.0575576 0.0186723 0.046405 0.705646 1198
0 0.702487 0.0568699 0.0145264 0.0449886 0.528541 1199
0 0.254522 0.382696 0.0157025 0.0393359 0.663096 1200
0 0.183419 0.251149 0.0149583 0.0356462 0.642285 1202
0 0.132934 0.273805 0.0194988 0.0611816 0.554799 1203
0 0.75682 0.364318 0.0149586 0.0412577 0.685549 1204
0 0.891531 0.162484 0.0142041 0.0410979 0.743296 1205
0 0.312939 0.332634 0.0158491 0.037208 0.388269 830
0 0.74273 0.716174 0.0318592 0.0738322 0.343766 1215
0 0.175179 0.206609 0.0189641 0.0627428 0.518062 1221
0 0.680861 0.802672 0.0179928 0.0447643 0.776438 948
0 0.759564 0.643988 0.0143316 0.0379469 0.750212 1132
0 0.708082 0.916283 0.0221639 0.0604461 0.588996 63
0 0.740683 0.537634 0.0144884 0.0284619 0.609012 884
0 0.727215 0.85164 0.0190859 0.0491883 0.687328 121
0 0.994764 0.589349 0.0104725 0.0505045 0.625047 1239
0 0.434687 0.478138 0.0117812 0.0332178 0.347075 1245
0 0.539732 0.0374095 0.0539967 0.0655596 0.688182 1247
0 0.570414 0.0686149 0.0717724 0.100347 0.765531 93
0 0.890758 0.553308 0.0121847 0.0291145 0.307557 1129
0 0.391561 0.551429 0.0148588 0.0423086 0.562671 337
0 0.707924 0.705816 0.0160548 0.0379359 0.64728 1045
0 0.772217 0.0566686 0.0156886 0.0395697 0.736605 1254
0 0.264647 0.0662233 0.0191466 0.0520184 0.742794 1255
0 0.57829 0.511188 0.0139523 0.0368817 0.567698 1256
0 0.640111 0.0236495 0.0419627 0.0370823 0.31374 1258
0 0.394971 0.0601358 0.0164026 0.0442855 0.495181 1264
0 0.263488 0.178491 0.0107973 0.0358014 0.319206 1266
0 0.41914 0.0292936 0.0184085 0.0465023 0.650372 1267
0 0.77479 0.707635 0.0166926 0.0447775 0.629358 60
0 0.211933 0.723281 0.0153302 0.0425274 0.517722 1040
0 0.371014 0.0881794 0.0180155 0.0491129 0.733574 1277
0 0.254525 0.836619 0.0182088 0.0517455 0.687162 1280
0 0.0950712 0.569751 0.0163428 0.0573225 0.699563 1281
0 0.787295 0.856936 0.0196059 0.0504758 0.680734 1282
0 0.727875 0.0218097 0.0152443 0.0311473 0.68967 1285
0 0.753145 0.0221302 0.0135436 0.0308231 0.728876 1287
0 0.721875 0.0598791 0.0158289 0.0339389 0.465194 1293
0 0.708392 0.420747 0.0127558 0.0240581 0.540529 1296
0 0.169494 0.793726 0.0187085 0.0678757 0.469133 819
0 0.374506 0.875022 0.0160559 0.0471042 0.653093 477
0 0.867993 0.755513 0.0138323 0.0294698 0.558228 983
0 0.157331 0.646862 0.0123846 0.0393615 0.508041 1025
0 0.577849 0.739307 0.0352604 0.0970277 0.365699 13
0 0.848791 0.852503 0.0168517 0.0352678 0.496348 1178
0 0.628394 0.877667 0.020642 0.0593571 0.478787 523
0 0.546099 0.832108 0.0194344 0.0614527 0.652569 299
0 0.37515 0.938059 0.0148481 0.0510778 0.598887 1116
0 0.800957 0.69454 0.0147743 0.0379164 0.439961 999
0 0.380009 0.38048 0.0122124 0.0240397 0.400912 1174
0 0.762967 0.679106 0.012099 0.0274882 0.534207 228
0 0.337281 0.202343 0.0160767 0.063779 0.36565 907
0 0.175429 0.733287 0.0172171 0.0661079 0.400624 729
0 0.0951205 0.729751 0.0124959 0.0409564 0.489435 829
0 0.536569 0.344758 0.013187 0.0330334 0.456951 1220
0 0.933649 0.848629 0.0194511 0.0389211 0.552832 185
