0 0.784914 0.777519 0.0639158 0.119132 0.575847 1
0 0.235279 0.720509 0.0207393 0.0586563 0.578053 2
0 0.427816 0.499502 0.0155574 0.0478615 0.523404 6
0 0.665583 0.815875 0.0204026 0.0506969 0.619437 7
0 0.30868 0.735372 0.0133921 0.0388037 0.539649 8
0 0.654398 0.386273 0.0506399 0.06886 0.57144 13
0 0.511577 0.773143 0.0188166 0.0453507 0.77667 16
0 0.651006 0.734741 0.0356281 0.0611512 0.467121 18
0 0.712825 0.734188 0.0199233 0.0605376 0.743653 21
0 0.88118 0.882614 0.0140278 0.0265904 0.527277 23
0 0.491249 0.828991 0.0184607 0.055875 0.750057 48
0 0.446528 0.829922 0.026287 0.0693126 0.651228 50
0 0.842537 0.603273 0.0282497 0.0655093 0.532038 60
0 0.759862 0.618924 0.114367 0.14366 0.819535 63
0 0.318526 0.565033 0.0210229 0.0766701 0.406819 68
0 0.87961 0.529796 0.054091 0.0810843 0.75109 80
0 0.672744 0.604722 0.025073 0.0593363 0.500927 95
0 0.48531 0.681394 0.0171133 0.0467394 0.553841 98
0 0.595879 0.625756 0.0188772 0.0448852 0.648601 102
0 0.138697 0.58617 0.074787 0.157023 0.768882 128
0 0.20214 0.426254 0.0397358 0.0813392 0.513723 156
0 0.908269 0.70989 0.108025 0.205911 0.701731 163
0 0.642091 0.333023 0.0195 0.0429046 0.561655 174
0 0.976872 0.737834 0.0462557 0.103769 0.628263 185
0 0.364333 0.429381 0.0792351 0.115535 0.787383 189
0 0.845265 0.497347 0.0213737 0.0491627 0.733752 260
0 0.647862 0.0755535 0.081479 0.148605 0.783199 274
0 0.605174 0.500841 0.0249668 0.0583268 0.661072 299
0 0.889523 0.444281 0.0222953 0.0555902 0.670196 312
0 0.353463 0.199807 0.0701301 0.140952 0.564329 329
0 0.426768 0.198042 0.0521238 0.10963 0.59574 337
0 0.450351 0.722424 0.0473588 0.130798 0.3231 58
0 0.476447 0.633421 0.0193829 0.0460893 0.692324 89
0 0.62515 0.633956 0.0198514 0.0474701 0.747033 370
0 0.477824 0.536902 0.0186734 0.0400817 0.575996 380
0 0.738378 0.0746554 0.0689262 0.100454 0.65198 386
0 0.689739 0.66981 0.0203208 0.0644969 0.353408 387
0 0.472945 0.586021 0.0186618 0.0413965 0.681378 54
0 0.409789 0.742552 0.0557422 0.0927237 0.385421 83
0 0.432974 0.623326 0.0474442 0.0717458 0.417993 114
0 0.406239 0.676091 0.0181001 0.042293 0.626386 424
0 0.0662379 0.591873 0.0385242 0.106563 0.30134 434
0 0.531967 0.570517 0.0733275 0.136165 0.794813 3
0 0.59556 0.745157 0.0471349 0.0964094 0.482517 127
0 0.628851 0.808653 0.0238116 0.0663869 0.665949 86
0 0.206454 0.768074 0.0169602 0.0571102 0.625499 265
0 0.712736 0.351861 0.0276991 0.0706999 0.552395 101
0 0.345602 0.554119 0.0152288 0.0532398 0.530524 170
0 0.678256 0.76682 0.0204119 0.0510244 0.542045 300
0 0.624476 0.449564 0.0183276 0.0451393 0.702877 448
0 0.524366 0.667469 0.0192846 0.052494 0.669536 454
0 0.596664 0.569068 0.0229614 0.0536406 0.37008 455
0 0.747672 0.35504 0.0203558 0.0573672 0.71165 456
0 0.384118 0.533027 0.0453417 0.101036 0.605911 465
0 0.261488 0.746583 0.0211014 0.0662122 0.487477 468
0 0.199243 0.703549 0.0194719 0.0590814 0.680232 470
0 0.12666 0.377296 0.0249706 0.058874 0.487564 480
0 0.570931 0.623551 0.017079 0.04688 0.691026 140
0 0.767278 0.486042 0.0681082 0.105291 0.748278 92
0 0.576977 0.684098 0.0234731 0.0652033 0.547934 139
0 0.528621 0.736437 0.0187735 0.0376982 0.67401 507
0 0.466349 0.167049 0.0200685 0.0487568 0.76303 514
0 0.824567 0.374285 0.0177598 0.044254 0.730882 521
0 0.662356 0.500292 0.0525069 0.105252 0.635853 523
0 0.554942 0.739408 0.011313 0.030336 0.326779 533
0 0.469896 0.488495 0.0167379 0.0392468 0.565605 539
0 0.555444 0.152027 0.0824408 0.152455 0.771289 31
0 0.783668 0.384555 0.0451576 0.0881799 0.495699 269
0 0.884002 0.839581 0.0197823 0.0501455 0.69283 553
0 0.415486 0.565956 0.0198289 0.0582097 0.61742 556
0 0.464521 0.373093 0.0752029 0.193886 0.753655 562
0 0.594513 0.230694 0.054251 0.0898943 0.674809 563
0 0.722587 0.454287 0.0178571 0.0472634 0.741444 582
0 0.965943 0.523515 0.0681136 0.189422 0.813855 594
0 0.626555 0.275579 0.0233903 0.0573737 0.681202 225
0 0.597256 0.420119 0.0339995 0.0761761 0.427597 27
0 0.852593 0.343442 0.0226337 0.0557991 0.78333 272
0 0.505533 0.458125 0.0174233 0.0507211 0.711731 600
0 0.817957 0.30963 0.0171563 0.0466537 0.743381 601
0 0.528194 0.359303 0.0252012 0.0480244 0.606422 603
0 0.225987 0.154456 0.105762 0.158635 0.603034 604
0 0.514373 0.844221 0.0178354 0.0606877 0.639056 614
0 0.913318 0.35831 0.017547 0.0425024 0.677537 620
0 0.288052 0.335984 0.0278067 0.0579103 0.487527 624
0 0.506064 0.0733726 0.0538422 0.116722 0.702778 625
0 0.518303 0.295164 0.0172652 0.0632428 0.493742 627
0 0.23008 0.487774 0.0211316 0.0609001 0.632409 628
0 0.460514 0.11727 0.0171041 0.0420119 0.670055 630
0 0.573042 0.337876 0.0451836 0.091216 0.577865 14
0 0.859544 0.202235 0.103758 0.124709 0.826658 249
0 0.567121 0.579725 0.0179798 0.0444977 0.753636 93
0 0.925454 0.395313 0.0204064 0.0437793 0.754617 656
0 0.151045 0.303444 0.0177805 0.0529874 0.669031 670
0 0.248534 0.379999 0.0318514 0.0732312 0.422856 673
0 0.920417 0.447468 0.016434 0.0395133 0.768375 674
0 0.100226 0.326468 0.021071 0.0518509 0.606301 675
0 0.363898 0.734621 0.0198922 0.0560663 0.508978 679
0 0.539546 0.307388 0.0194199 0.0392856 0.590492 682
0 0.178545 0.357637 0.0431915 0.0827506 0.638124 687
0 0.192664 0.565741 0.0201978 0.0633079 0.656506 691
0 0.378584 0.0508403 0.0516667 0.0892146 0.458224 692
0 0.541848 0.426537 0.0289322 0.0794475 0.445699 700
0 0.325268 0.80923 0.0328534 0.0829398 0.481366 28
0 0.258606 0.545154 0.0189919 0.0572191 0.654425 221
0 0.845432 0.424986 0.0301765 0.057642 0.573122 219
0 0.300577 0.474766 0.0417421 0.0890972 0.318946 476
0 0.432158 0.582017 0.0158769 0.0322345 0.439601 517
0 0.454585 0.559495 0.0165408 0.0360407 0.704221 534
0 0.409602 0.0881467 0.0169409 0.041153 0.734637 704
0 0.231094 0.101833 0.0163203 0.044945 0.565793 705
0 0.309556 0.104831 0.0172492 0.0479153 0.716864 709
0 0.59129 0.047085 0.0146792 0.0399719 0.571025 710
0 0.451776 0.0689303 0.0180868 0.0474721 0.654652 711
0 0.391898 0.123422 0.0160746 0.0382922 0.646592 712
0 0.323737 0.059627 0.0191013 0.0553494 0.630644 713
0 0.363954 0.675663 0.0195393 0.046428 0.637794 714
0 0.266194 0.259585 0.0191466 0.0382867 0.632065 715
0 0.549381 0.254601 0.0142876 0.0333643 0.447355 716
0 0.548526 0.0465531 0.0168572 0.0447031 0.629544 717
0 0.711654 0.520418 0.0195876 0.0530422 0.730709 718
0 0.268425 0.644927 0.0239883 0.0778365 0.440239 724
0 0.428282 0.0976853 0.0163803 0.0368271 0.550642 725
0 0.511337 0.718528 0.0149958 0.036467 0.498667 727
0 0.235125 0.281977 0.0232767 0.0704649 0.555538 729
0 0.447222 0.277506 0.0138649 0.0403462 0.621113 732
0 0.29487 0.400413 0.019514 0.0560381 0.684729 733
0 0.362201 0.602342 0.0158167 0.0452773 0.644036 742
0 0.385318 0.24693 0.0116382 0.039953 0.337664 744
0 0.353532 0.641755 0.0159543 0.0296925 0.581111 758
0 0.390471 0.653013 0.0115945 0.0224057 0.378397 760
0 0.258473 0.442774 0.0150028 0.0449948 0.634485 765
0 0.507015 0.65212 0.0119208 0.031471 0.395488 769
0 0.901337 0.306617 0.0208154 0.0644092 0.476461 369
0 0.769254 0.701557 0.0156501 0.0381906 0.581629 84
0 0.832017 0.672816 0.0212461 0.0446806 0.664986 373
0 0.557912 0.809484 0.020231 0.0570788 0.553056 113
0 0.0997144 0.520896 0.0168969 0.0549041 0.419066 464
0 0.391226 0.32372 0.0652699 0.100278 0.645612 775
0 0.139001 0.432189 0.0221729 0.0562831 0.718103 776
0 0.330979 0.667329 0.0197337 0.0537337 0.604805 777
0 0.159553 0.240642 0.017706 0.0516949 0.731379 778
0 0.942411 0.427192 0.0185052 0.0395096 0.735376 780
0 0.988829 0.637771 0.0199468 0.0479492 0.623517 784
0 0.922149 0.572116 0.0196615 0.0408014 0.695909 785
0 0.223946 0.553613 0.0176698 0.0559807 0.655179 786
0 0.642426 0.676216 0.0186803 0.0465119 0.580257 789
0 0.177841 0.257932 0.0159155 0.0387725 0.6094 790
0 0.555118 0.668582 0.0137364 0.037038 0.591288 797
0 0.540096 0.774454 0.0145814 0.0356048 0.600996 800
0 0.481643 0.223014 0.0220033 0.060144 0.521751 805
0 0.683806 0.187315 0.0636552 0.102143 0.52802 806
0 0.0782832 0.44826 0.0529178 0.114492 0.61377 807
0 0.954867 0.286744 0.0785621 0.184108 0.683889 811
0 0.214728 0.362375 0.0129387 0.0421351 0.540196 819
0 0.772412 0.281134 0.0256261 0.0594231 0.417383 302
0 0.954515 0.602879 0.0129889 0.0357514 0.563869 72
0 0.911339 0.670235 0.0387919 0.139881 0.441206 467
0 0.601648 0.674535 0.0160433 0.0402729 0.594921 105
0 0.408229 0.479351 0.0132055 0.0388482 0.480422 477
0 0.314999 0.252914 0.0114559 0.0352546 0.320868 327
0 0.129214 0.780062 0.013667 0.044243 0.594883 407
0 0.284255 0.798686 0.021772 0.0846606 0.426039 44
0 0.820725 0.456742 0.0151176 0.0415152 0.649223 228
0 0.955418 0.825088 0.040411 0.0647128 0.367127 234
0 0.565798 0.91521 0.0172643 0.0476948 0.6 75
