0 0.583425 0.595268 0.0985503 0.162052 0.732903 274
0 0.672114 0.532604 0.0633743 0.125239 0.465844 386
0 0.669445 0.932878 0.023195 0.0610625 0.538035 269
0 0.81824 0.770591 0.0262657 0.059715 0.521009 620
0 0.728426 0.732689 0.100681 0.147903 0.78309 249
0 0.811365 0.846754 0.0257664 0.0626026 0.525735 656
0 0.283872 0.230126 0.0682194 0.131016 0.817197 219
0 0.486544 0.742844 0.0237682 0.0638652 0.764295 717
0 0.525859 0.80249 0.0207503 0.056228 0.333118 806
0 0.911329 0.595627 0.022412 0.0602916 0.731708 811
0 0.667635 0.812658 0.0181961 0.0500645 0.367307 302
0 0.753162 0.515228 0.0249347 0.0676727 0.63212 828
0 0.594388 0.776045 0.021427 0.0480728 0.522333 847
0 0.81449 0.538527 0.0732957 0.124284 0.487824 865
0 0.650025 0.445284 0.0199056 0.0551547 0.657376 873
0 0.408689 0.735169 0.0391155 0.0937393 0.450618 875
0 0.488592 0.606618 0.0226288 0.0623523 0.358912 877
0 0.75544 0.59727 0.0275955 0.061293 0.679111 879
0 0.686912 0.586293 0.0554758 0.0929556 0.429101 886
0 0.699414 0.463658 0.0178638 0.0505763 0.741859 909
0 0.818509 0.642049 0.0241271 0.0524083 0.499411 906
0 0.773781 0.3413 0.112594 0.235766 0.858116 174
0 0.457387 0.506218 0.0240336 0.0660609 0.493077 1049
0 0.910956 0.404197 0.0670112 0.10306 0.617338 1065
0 0.192616 0.740647 0.0252168 0.0846159 0.562114 1066
0 0.16691 0.631194 0.0308849 0.0908355 0.367398 1087
0 0.139478 0.709132 0.017928 0.0688922 0.581744 1119
0 0.462109 0.173392 0.063424 0.0983342 0.738297 480
0 0.491179 0.297473 0.0156693 0.0420201 0.771993 1143
0 0.72784 0.24975 0.0315162 0.0782144 0.597622 1153
0 0.612183 0.303995 0.0201241 0.0598052 0.705239 1161
0 0.360835 0.438757 0.0687468 0.120451 0.631874 1195
0 0.652952 0.269597 0.0152445 0.0480365 0.74369 1198
0 0.868527 0.314361 0.0140135 0.0402309 0.616304 1205
0 0.123791 0.567208 0.0223956 0.0691772 0.67416 1221
0 0.939675 0.798175 0.0192947 0.0448785 0.741553 1239
0 0.524248 0.233464 0.0571948 0.0920523 0.654471 1247
0 0.55473 0.310211 0.0718827 0.106705 0.767383 93
0 0.759569 0.22897 0.0163438 0.0438133 0.63447 1254
0 0.234567 0.395444 0.083422 0.11981 0.804255 1255
0 0.620012 0.191273 0.059276 0.127045 0.730605 1258
0 0.393583 0.301034 0.0199422 0.0559991 0.60151 1264
0 0.711817 0.207409 0.0166234 0.0360715 0.525492 1285
0 0.738314 0.190223 0.0164768 0.0328595 0.623055 1287
0 0.432518 0.287909 0.0212589 0.0614641 0.530497 1304
0 0.478225 0.245897 0.0198596 0.0585533 0.603474 1312
0 0.113678 0.642206 0.0180586 0.0684567 0.502277 1328
0 0.575002 0.230751 0.016491 0.0457263 0.690743 1334
0 0.32273 0.645283 0.020742 0.0695912 0.669783 1226
0 0.693827 0.154076 0.0552412 0.098132 0.650251 1345
0 0.316531 0.252146 0.0189185 0.0592015 0.568943 1393
0 0.925388 0.32336 0.0156149 0.044472 0.61971 1414
0 0.685017 0.341932 0.0162532 0.0498203 0.692975 1420
0 0.57198 0.181676 0.0145938 0.0403279 0.538006 1425
0 0.761693 0.181051 0.0167488 0.040268 0.641877 1428
0 0.393953 0.205268 0.0198428 0.0558245 0.547328 1429
0 0.741581 0.143944 0.0180537 0.0482681 0.773126 1442
0 0.948412 0.519833 0.0353989 0.0666439 0.457615 1447
0 0.901117 0.788485 0.0160434 0.0347518 0.404227 946
0 0.688267 0.400384 0.0209695 0.0547785 0.412775 1041
0 0.447383 0.438691 0.0232374 0.0615724 0.582094 1365
0 0.344934 0.356997 0.0182418 0.0523525 0.547282 1469
0 0.314256 0.326851 0.0220728 0.0633726 0.693278 1470
0 0.164803 0.489487 0.0184398 0.0596718 0.686895 1472
0 0.288542 0.620326 0.0174129 0.0711591 0.491471 1473
0 0.851045 0.341836 0.0166972 0.0345795 0.536322 1482
0 0.68386 0.240627 0.0177194 0.0508626 0.412945 1199
0 0.212408 0.55847 0.0339549 0.0891832 0.337454 1266
0 0.835168 0.413198 0.0693184 0.108566 0.438708 1032
0 0.623723 0.448405 0.013041 0.0355894 0.320417 1431
0 0.85024 0.51958 0.0485927 0.0793146 0.32449 1514
0 0.580376 0.105267 0.0478748 0.0987987 0.655705 1515
0 0.259593 0.301638 0.0200982 0.0535183 0.442448 1525
0 0.290814 0.283604 0.0147319 0.0435149 0.421394 1415
0 0.352331 0.126274 0.0621709 0.111778 0.616055 907
0 0.424739 0.106095 0.0704779 0.123159 0.777981 1537
0 0.2139 0.655909 0.0179424 0.062936 0.581244 1538
0 0.814587 0.184733 0.019756 0.0588708 0.752117 1552
0 0.255328 0.603266 0.0224112 0.0713283 0.377521 988
0 0.429215 0.796965 0.020919 0.0516037 0.74484 625
0 0.316344 0.473659 0.0178859 0.0612181 0.694577 1056
0 0.525607 0.0989573 0.0378347 0.0922489 0.48188 1562
0 0.94956 0.718523 0.0332991 0.0632673 0.368719 1563
0 0.389635 0.498609 0.015528 0.0525337 0.697746 1567
0 0.858846 0.913692 0.0281194 0.0658833 0.436795 784
0 0.895746 0.753781 0.0173913 0.0363192 0.656335 1068
0 0.911596 0.87369 0.0205171 0.05202 0.595515 1583
0 0.661115 0.223162 0.0153753 0.0394105 0.709394 1584
0 0.0759552 0.611157 0.0479632 0.114901 0.300068 1589
0 0.252566 0.529917 0.0187335 0.0621062 0.542171 1602
0 0.711186 0.634131 0.0184033 0.0446574 0.71518 1085
0 0.495872 0.798891 0.0238454 0.0678334 0.562288 1220
0 0.475483 0.392188 0.0172668 0.0520177 0.634889 1359
0 0.603778 0.458243 0.0209138 0.0528301 0.56033 1402
0 0.497906 0.866657 0.0172643 0.0543773 0.564173 1616
0 0.540923 0.84234 0.0208052 0.0612416 0.525832 1620
0 0.907305 0.220131 0.0931915 0.163425 0.731659 1632
0 0.11225 0.512233 0.0169938 0.0513974 0.578142 1638
0 0.384784 0.815208 0.0212657 0.0657275 0.777904 1645
0 0.437006 0.840755 0.0177204 0.04263 0.658894 1207
0 0.572242 0.750635 0.0223568 0.0582939 0.739821 888
0 0.30515 0.805286 0.0203346 0.0760521 0.40984 704
0 0.634861 0.750297 0.025643 0.0710928 0.621511 917
0 0.342284 0.839997 0.017278 0.0516956 0.470976 630
0 0.356832 0.270786 0.0154552 0.0460582 0.714093 950
0 0.322606 0.574809 0.0176574 0.0575497 0.720415 1655
0 0.816532 0.116602 0.0188375 0.0531177 0.5091 1656
0 0.485618 0.0684896 0.0197789 0.047651 0.613752 1658
0 0.966478 0.305984 0.0478705 0.100205 0.488849 1664
0 0.117581 0.360441 0.019543 0.0670325 0.575431 1666
0 0.433783 0.601409 0.0513372 0.100978 0.604282 1150
0 0.528063 0.696204 0.0211581 0.0679966 0.694094 706
0 0.362647 0.698518 0.021889 0.068225 0.671438 1174
0 0.727674 0.0424967 0.0538908 0.0849933 0.646206 1129
0 0.865874 0.636757 0.0219785 0.0460543 0.700134 1691
0 0.412012 0.542364 0.0189695 0.0582068 0.644746 1693
0 0.281586 0.481891 0.0158819 0.0610513 0.495757 1708
0 0.192762 0.475492 0.0138659 0.0496882 0.603316 1713
0 0.450306 0.370607 0.0213334 0.0548129 0.646412 1717
0 0.862442 0.732587 0.0209194 0.0545517 0.613467 76
0 0.480006 0.547564 0.0153155 0.0344445 0.44787 1308
0 0.507437 0.479603 0.0350101 0.0803518 0.533401 1332
0 0.573481 0.953288 0.0194529 0.0560996 0.646863 101
0 0.485929 0.636255 0.0255543 0.0839981 0.489989 870
0 0.342161 0.225015 0.0147332 0.0466812 0.542611 874
0 0.554468 0.944697 0.0143062 0.0421464 0.594692 827
0 0.515651 0.556762 0.0187332 0.0529603 0.571667 710
0 0.910523 0.481596 0.0194954 0.0515598 0.640926 1731
0 0.937851 0.640232 0.0221811 0.0539688 0.681332 1735
0 0.954921 0.586983 0.0214602 0.0494256 0.696051 1738
0 0.783263 0.131656 0.0141915 0.0430043 0.608274 1739
0 0.93745 0.460282 0.0197885 0.0452664 0.669504 1743
0 0.984818 0.378146 0.0169662 0.0424492 0.585534 1744
0 0.980803 0.453495 0.037436 0.0910974 0.513892 1745
0 0.41028 0.347791 0.0151971 0.0450267 0.606982 1756
0 0.910297 0.534008 0.0160603 0.0439453 0.642285 1758
0 0.839984 0.187359 0.0136612 0.0386599 0.48108 1767
0 0.487636 0.114845 0.0143485 0.0298973 0.504199 1770
0 0.354347 0.799154 0.0158105 0.0378083 0.61079 725
0 0.878975 0.978352 0.0158028 0.038235 0.551509 185
0 0.638372 0.934329 0.0167722 0.0536533 0.597483 456
0 0.66436 0.659767 0.0247793 0.0536071 0.485218 1367
0 0.563804 0.464775 0.0340131 0.0817663 0.445683 994
0 0.373293 0.352084 0.015481 0.0498386 0.661252 1277
0 0.818202 0.710645 0.0243563 0.0458146 0.619481 369
0 0.785244 0.83022 0.0166348 0.0359621 0.469508 1074
0 0.309423 0.540966 0.0142418 0.039189 0.560849 830
0 0.294543 0.896654 0.0159479 0.0471857 0.68823 692
0 0.982567 0.659304 0.0342395 0.0954256 0.513383 1564
0 0.564801 0.811854 0.0129119 0.0316687 0.371603 1053
0 0.367306 0.766993 0.015194 0.0453887 0.458087 711
0 0.956715 0.849119 0.018056 0.0426272 0.576378 1516
0 0.607581 0.406772 0.0142202 0.0333015 0.509398 1640
