0 0.780854 0.763871 0.0327646 0.0804105 0.724038 1
0 0.233361 0.743947 0.0219796 0.0566779 0.670671 2
0 0.425618 0.523609 0.0164978 0.0459304 0.728306 6
0 0.657242 0.845974 0.0206362 0.0462357 0.36441 7
0 0.648193 0.409357 0.0505836 0.0646674 0.505483 13
0 0.507919 0.795275 0.0192311 0.0479122 0.69321 16
0 0.643697 0.762076 0.039266 0.0663756 0.533405 18
0 0.705678 0.762395 0.0232274 0.0634176 0.818801 21
0 0.869027 0.905187 0.0140182 0.0355943 0.749231 23
0 0.4879 0.851886 0.0180265 0.0528288 0.710236 48
0 0.438406 0.861113 0.0275697 0.0745517 0.646284 50
0 0.835618 0.617508 0.0315808 0.0658558 0.415772 60
0 0.753322 0.641649 0.115847 0.148714 0.848354 63
0 0.315817 0.5953 0.019278 0.0724952 0.307418 68
0 0.875518 0.543089 0.0556337 0.0800072 0.680102 80
0 0.66755 0.624346 0.0266332 0.0676476 0.372667 95
0 0.480265 0.700231 0.0196354 0.0481835 0.563764 98
0 0.590971 0.647975 0.0177214 0.0457021 0.660586 102
0 0.133835 0.62109 0.0743968 0.163137 0.770094 128
0 0.197972 0.451619 0.0413946 0.0879842 0.525105 156
0 0.901528 0.727616 0.110217 0.218032 0.556952 163
0 0.663623 0.324169 0.018922 0.0464885 0.722886 174
0 0.97457 0.734742 0.0508608 0.100454 0.525347 185
0 0.360291 0.451507 0.0793809 0.119735 0.774189 189
0 0.839968 0.512614 0.0200395 0.0481565 0.718268 260
0 0.648701 0.0878631 0.0909485 0.151779 0.838122 274
0 0.598797 0.522457 0.0265082 0.0598623 0.635375 299
0 0.883954 0.457835 0.0219132 0.0561199 0.711157 312
0 0.348555 0.21764 0.0663477 0.135633 0.63737 329
0 0.422852 0.218807 0.0493168 0.108337 0.586643 337
0 0.44516 0.731515 0.0336188 0.099407 0.339151 58
0 0.472166 0.655625 0.0192873 0.0442024 0.70308 89
0 0.620904 0.654942 0.0185395 0.0473226 0.73022 370
0 0.473692 0.558484 0.0197685 0.0410103 0.666489 380
0 0.734837 0.0865832 0.0552467 0.0839514 0.637896 386
0 0.682042 0.696889 0.0245216 0.0640216 0.343404 387
0 0.468333 0.608304 0.0192826 0.0402142 0.611205 54
0 0.401008 0.764431 0.0396154 0.0806063 0.455067 83
0 0.428669 0.648932 0.0459307 0.0741429 0.442634 114
0 0.40182 0.699809 0.0178308 0.040987 0.62399 424
0 0.0601891 0.613542 0.032808 0.088738 0.438105 434
0 0.527591 0.590326 0.0716372 0.140238 0.77352 3
0 0.597738 0.760203 0.0348894 0.0790297 0.44667 127
0 0.620166 0.838171 0.0245111 0.0665439 0.527853 86
0 0.204779 0.794104 0.0149085 0.05012 0.649599 265
0 0.705029 0.374325 0.0274209 0.0705135 0.789698 101
0 0.341017 0.582293 0.0155758 0.0502836 0.625011 170
0 0.671399 0.7959 0.0215408 0.0510973 0.437067 300
0 0.618039 0.471631 0.0185907 0.0470362 0.669061 448
0 0.521138 0.68886 0.01678 0.0468031 0.449816 454
0 0.591554 0.589896 0.0210759 0.0531829 0.408448 455
0 0.743607 0.36799 0.0193364 0.0549226 0.657018 456
0 0.380968 0.556181 0.0463487 0.097115 0.565875 465
0 0.261367 0.772029 0.0180113 0.0567906 0.419066 468
0 0.19681 0.731542 0.0196832 0.0597071 0.669843 470
0 0.124947 0.396398 0.027221 0.0595278 0.472126 480
0 0.566153 0.646306 0.017252 0.0468106 0.753063 140
0 0.762374 0.503195 0.0696192 0.107482 0.791426 92
0 0.573379 0.706609 0.022235 0.0631791 0.588278 139
0 0.524624 0.756764 0.020373 0.0408196 0.667423 507
0 0.462918 0.185426 0.0198643 0.0489932 0.658955 514
0 0.819308 0.389321 0.0184584 0.0449559 0.737007 521
0 0.653271 0.521572 0.0501648 0.112333 0.713082 523
0 0.551769 0.759151 0.0154234 0.0370572 0.678911 533
0 0.465906 0.507587 0.017424 0.0413237 0.666326 539
0 0.55245 0.17298 0.0830886 0.144824 0.76305 31
0 0.782271 0.396453 0.0392976 0.0785982 0.455561 269
0 0.410269 0.590665 0.0209319 0.0605459 0.679951 556
0 0.46106 0.391074 0.0748574 0.191119 0.781505 562
0 0.589166 0.248278 0.0552371 0.0882029 0.631758 563
0 0.715229 0.479099 0.0163503 0.0395003 0.691074 582
0 0.963462 0.529457 0.0730763 0.187234 0.812386 594
0 0.617273 0.296697 0.0227761 0.0571231 0.785802 225
0 0.588824 0.442724 0.0345563 0.0759986 0.411377 27
0 0.847285 0.355362 0.0238855 0.0576354 0.707747 272
0 0.5015 0.479492 0.0182055 0.0506938 0.787074 600
0 0.81487 0.326748 0.0171684 0.0474607 0.725747 601
0 0.522708 0.377897 0.0243445 0.0484442 0.642863 603
0 0.223519 0.169044 0.102704 0.168278 0.664475 604
0 0.507567 0.875916 0.0170596 0.0535973 0.710348 614
0 0.909563 0.369689 0.0167513 0.0418174 0.771203 620
0 0.283637 0.354409 0.0335137 0.0579661 0.444885 624
0 0.504799 0.0895539 0.0524101 0.117148 0.624949 625
0 0.512716 0.312504 0.0186556 0.0673843 0.578977 627
0 0.227159 0.511046 0.0209146 0.0609062 0.448327 628
0 0.45743 0.135626 0.0167508 0.0403401 0.686334 630
0 0.567548 0.357771 0.045699 0.0908501 0.633229 14
0 0.854088 0.222013 0.103124 0.124883 0.831252 249
0 0.920697 0.408136 0.0206998 0.0440112 0.76828 656
0 0.149712 0.321983 0.0173464 0.0538766 0.670306 670
0 0.244579 0.401706 0.0283577 0.0739913 0.369232 673
0 0.915543 0.458953 0.0154919 0.0381624 0.784571 674
0 0.0933217 0.346178 0.0198428 0.0544663 0.675387 675
0 0.534104 0.324994 0.0201876 0.0408889 0.542477 682
0 0.175604 0.37999 0.0435651 0.0838781 0.578265 687
0 0.188038 0.595594 0.0205981 0.0579427 0.649918 691
0 0.376245 0.0698215 0.0538317 0.112493 0.357483 692
0 0.536893 0.446985 0.0268064 0.0795271 0.449585 700
0 0.317058 0.835667 0.0204133 0.0566102 0.320206 28
0 0.254173 0.569622 0.0188291 0.0587401 0.660483 221
0 0.841374 0.437943 0.0297868 0.0583722 0.568056 219
0 0.296686 0.49898 0.0432214 0.089085 0.520101 476
0 0.449919 0.584796 0.0181294 0.0362608 0.672627 534
0 0.408122 0.105671 0.0167413 0.041804 0.725478 704
0 0.229787 0.115229 0.0207543 0.0516582 0.463929 705
0 0.30839 0.123367 0.0167469 0.0474772 0.681818 709
0 0.589405 0.0634799 0.0147434 0.0406168 0.690304 710
0 0.450061 0.0870104 0.0186177 0.0470959 0.66397 711
0 0.390181 0.143232 0.0152437 0.0386883 0.696148 712
0 0.322373 0.0762618 0.0212336 0.057501 0.646027 713
0 0.359744 0.704198 0.0181273 0.0434186 0.629979 714
0 0.263918 0.278088 0.0201062 0.0370158 0.74148 715
0 0.543916 0.271375 0.0138614 0.0317668 0.569708 716
0 0.547836 0.0631128 0.016821 0.0453777 0.683024 717
0 0.706504 0.544606 0.0175571 0.0469018 0.60764 718
0 0.266503 0.666873 0.0214209 0.0733965 0.465729 724
0 0.426518 0.115523 0.0177658 0.0372989 0.415234 725
0 0.232498 0.301776 0.0204216 0.0685556 0.492464 729
0 0.442394 0.295758 0.0138723 0.0411459 0.685135 732
0 0.292925 0.418443 0.0218234 0.0606627 0.593872 733
0 0.359432 0.627496 0.0167049 0.0439961 0.642377 742
0 0.349713 0.667661 0.0176239 0.0329894 0.582872 758
0 0.382923 0.645786 0.0199271 0.0492017 0.309075 760
0 0.254726 0.46728 0.0154677 0.0484689 0.588558 765
0 0.900262 0.319399 0.019882 0.0631496 0.431978 369
0 0.762803 0.721414 0.0143033 0.0342923 0.48617 84
0 0.8251 0.688599 0.0201591 0.0459687 0.682257 373
0 0.552859 0.825112 0.0207197 0.0675614 0.609851 113
0 0.093096 0.551673 0.0178674 0.0567179 0.636649 464
0 0.387692 0.345197 0.0632734 0.103761 0.705138 775
0 0.135319 0.45407 0.0216133 0.058417 0.643499 776
0 0.327677 0.695978 0.0189786 0.0565731 0.626804 777
0 0.158016 0.260417 0.0169984 0.0478885 0.6819 778
0 0.938915 0.43896 0.0180423 0.0402072 0.676783 780
0 0.98725 0.64496 0.0217947 0.0481516 0.530754 784
0 0.918226 0.583759 0.022244 0.0488176 0.630166 785
0 0.219684 0.576796 0.0181548 0.0552168 0.595584 786
0 0.638649 0.69858 0.0199772 0.049244 0.580002 789
0 0.176227 0.276554 0.014939 0.0371381 0.562887 790
0 0.552678 0.68969 0.0137085 0.0360569 0.454622 797
0 0.535905 0.798063 0.015225 0.0359247 0.43457 800
0 0.477017 0.241238 0.0246897 0.06094 0.469976 805
0 0.674815 0.204904 0.0674722 0.0977994 0.651179 806
0 0.074495 0.470669 0.0543877 0.11877 0.643705 807
0 0.954882 0.296142 0.0791692 0.187983 0.766563 811
0 0.21131 0.383003 0.0139583 0.0444424 0.568749 819
0 0.768744 0.298205 0.0270045 0.0619481 0.473325 302
0 0.951524 0.612273 0.013606 0.0378668 0.480085 72
0 0.905512 0.663371 0.0308992 0.105529 0.384575 467
0 0.598641 0.696577 0.0169757 0.0422189 0.668686 105
0 0.405614 0.503043 0.013686 0.0408418 0.61672 477
0 0.312087 0.27328 0.0111231 0.0339017 0.344921 327
0 0.277809 0.802581 0.0309665 0.0598297 0.3255 44
0 0.816349 0.472941 0.0154569 0.0418656 0.696388 228
0 0.782029 0.230454 0.0181563 0.0526584 0.690401 824
0 0.644344 0.305938 0.0131908 0.0344302 0.668164 827
0 0.831693 0.107852 0.0931842 0.124046 0.641359 828
0 0.144556 0.198783 0.0230609 0.0545439 0.529973 829
0 0.345687 0.0441393 0.0155092 0.03883 0.565343 830
0 0.367425 0.858187 0.0200844 0.0646544 0.723504 831
0 0.451298 0.539393 0.0149738 0.0305578 0.613411 832
0 0.323415 0.315946 0.0215616 0.0562891 0.534242 833
0 0.79992 0.71658 0.0202937 0.043661 0.542533 834
0 0.586391 0.850777 0.0156517 0.0498007 0.604417 836
0 0.26438 0.236741 0.0147589 0.0295528 0.579885 837
0 0.854905 0.478705 0.0147268 0.0275513 0.67579 840
0 0.398218 0.647465 0.0157873 0.0381608 0.443397 845
0 0.704291 0.265814 0.0348496 0.0668191 0.447963 847
0 0.276643 0.724764 0.0164477 0.0389237 0.713071 848
0 0.182933 0.316407 0.017916 0.0359611 0.642092 850
0 0.314824 0.36755 0.0128811 0.0379815 0.579397 852
0 0.164481 0.503729 0.0121553 0.0468388 0.465296 854
0 0.48415 0.515322 0.0137641 0.032048 0.461248 855
0 0.886805 0.326865 0.0473809 0.0781095 0.38336 861
0 0.963673 0.831257 0.021945 0.0502391 0.703662 234
0 0.665401 0.828479 0.0402065 0.0959411 0.372453 56
0 0.857989 0.427994 0.0152119 0.0443059 0.764156 344
0 0.229035 0.826128 0.0171096 0.0507975 0.769255 459
0 0.603698 0.354472 0.0136171 0.0338291 0.687542 721
