0 0.597644 0.424638 0.0976858 0.158875 0.802723 274
0 0.811942 0.751946 0.0250732 0.0576608 0.613959 312
0 0.683539 0.393241 0.0518551 0.110418 0.546879 386
0 0.652859 0.744755 0.0300912 0.076997 0.501408 456
0 0.37963 0.656954 0.0210205 0.0650125 0.398154 514
0 0.456014 0.704448 0.103895 0.17726 0.574593 31
0 0.703324 0.738154 0.0357044 0.077543 0.414833 269
0 0.488315 0.78083 0.051171 0.101537 0.473206 563
0 0.922119 0.796665 0.132224 0.153701 0.817573 594
0 0.767089 0.650733 0.0218683 0.0647045 0.596108 272
0 0.737391 0.652179 0.018855 0.0534586 0.750685 601
0 0.156397 0.759388 0.0557166 0.116346 0.388749 604
0 0.843915 0.660658 0.020621 0.0520743 0.694926 620
0 0.774057 0.540816 0.0983787 0.144475 0.811919 249
0 0.851164 0.711881 0.0320464 0.0627609 0.446204 656
0 0.30968 0.565715 0.0480505 0.104075 0.468395 692
0 0.769593 0.738845 0.0326862 0.0693911 0.671525 219
0 0.530659 0.416037 0.019193 0.0501384 0.656439 710
0 0.391558 0.518585 0.033558 0.0781312 0.472095 711
0 0.508431 0.468911 0.020383 0.0585371 0.695251 717
0 0.828898 0.552741 0.0169814 0.0328331 0.437518 369
0 0.882324 0.687993 0.0177885 0.0439443 0.657015 780
0 0.569233 0.56895 0.119074 0.141276 0.755793 806
0 0.922356 0.516063 0.14148 0.261206 0.833842 811
0 0.689518 0.638731 0.0367002 0.0940312 0.472904 302
0 0.702627 0.551515 0.0217532 0.0584591 0.536411 824
0 0.78227 0.377997 0.0294868 0.070557 0.467746 828
0 0.626702 0.644405 0.0483972 0.0944135 0.346455 847
0 0.820319 0.605792 0.0395192 0.100318 0.344125 861
0 0.843814 0.391104 0.0484727 0.0990817 0.426991 865
0 0.481874 0.435407 0.0220796 0.0634347 0.568027 870
0 0.67095 0.31194 0.0214306 0.0535 0.665861 873
0 0.65775 0.476084 0.0170484 0.0486938 0.671776 874
0 0.417168 0.40694 0.0851295 0.14148 0.782114 875
0 0.516457 0.350731 0.0268087 0.0705647 0.646388 877
0 0.801672 0.430092 0.018402 0.0535441 0.687045 879
0 0.700738 0.463776 0.0491462 0.101867 0.539718 886
0 0.556612 0.814517 0.0253094 0.0666541 0.352798 901
0 0.241155 0.516662 0.0177307 0.0604372 0.655232 902
0 0.719338 0.339548 0.0195437 0.0415608 0.705962 909
0 0.66611 0.567062 0.0190942 0.0371985 0.469194 917
0 0.671421 0.60334 0.0175314 0.0316969 0.575385 943
0 0.476968 0.380178 0.014878 0.0424371 0.469094 945
0 0.642211 0.708961 0.0172839 0.0402835 0.680452 950
0 0.844262 0.470384 0.0174623 0.0450163 0.629597 906
0 0.574345 0.292705 0.0285154 0.0681535 0.495891 994
0 0.794611 0.216959 0.107361 0.228095 0.842654 174
0 0.0817237 0.485597 0.052414 0.120113 0.720403 1027
0 0.495736 0.282506 0.0338055 0.0831786 0.410917 1049
0 0.5504 0.368298 0.0179013 0.0527728 0.766575 1057
0 0.793466 0.68992 0.0185395 0.0463142 0.744084 1064
0 0.91309 0.310819 0.0374797 0.0863156 0.550393 1065
0 0.210832 0.42333 0.0319199 0.072468 0.424876 1066
0 0.941313 0.628211 0.0158228 0.0392878 0.506204 1068
0 0.18671 0.352487 0.0236162 0.0642971 0.571786 1087
0 0.153444 0.38872 0.018981 0.0512103 0.553242 1119
0 0.656692 0.211464 0.030648 0.0634478 0.547471 1122
0 0.471301 0.0404991 0.0707698 0.0809983 0.680801 480
0 0.4844 0.180969 0.0174031 0.0431737 0.650976 1143
0 0.740573 0.129026 0.0240711 0.0650632 0.534894 1153
0 0.623001 0.171312 0.0184258 0.0523251 0.760701 1161
0 0.588733 0.23819 0.0272274 0.0709096 0.481614 1186
0 0.381018 0.241311 0.0673402 0.0946129 0.712404 1195
0 0.667128 0.146141 0.0168074 0.04456 0.77595 1198
0 0.317127 0.4422 0.0959357 0.101201 0.752211 1202
0 0.744529 0.454333 0.0218079 0.0604709 0.685973 1204
0 0.883539 0.213514 0.0146563 0.0391838 0.65365 1205
0 0.157054 0.319729 0.0186603 0.0597365 0.636861 1221
0 0.711665 0.678653 0.0206124 0.0392336 0.411624 884
0 0.976022 0.675996 0.0273015 0.0743463 0.710779 1239
0 0.533423 0.116349 0.0521158 0.0906819 0.635714 1247
0 0.556149 0.17737 0.0787687 0.100475 0.630385 93
0 0.770609 0.122074 0.0163334 0.0426317 0.601369 1254
0 0.254012 0.147837 0.104207 0.18107 0.65275 1255
0 0.55242 0.685457 0.0334095 0.0834933 0.332499 1256
0 0.624699 0.0637881 0.0624797 0.116407 0.711957 1258
0 0.391752 0.151088 0.019309 0.0476533 0.695264 1264
0 0.412735 0.112195 0.0201582 0.0474237 0.602942 1267
0 0.724445 0.0837846 0.0162688 0.0358825 0.564503 1285
0 0.752374 0.0827463 0.015073 0.0283993 0.616365 1287
0 0.714054 0.123353 0.019891 0.0446053 0.52616 1293
0 0.397137 0.329471 0.0212843 0.0521922 0.328165 1300
0 0.433245 0.159832 0.0346417 0.0630754 0.56842 1304
0 0.485187 0.118918 0.0254277 0.0623661 0.451598 1312
0 0.699478 0.368226 0.0152335 0.0402454 0.727717 999
0 0.863554 0.922101 0.0180585 0.0465168 0.730243 1320
0 0.124349 0.343453 0.0233839 0.0671042 0.61607 1328
0 0.583313 0.113269 0.015979 0.0398482 0.705361 1334
0 0.356999 0.368838 0.0207379 0.0603485 0.680947 1226
0 0.700832 0.0476366 0.0560282 0.0880386 0.685485 1345
0 0.867699 0.192145 0.0125067 0.0230518 0.544257 1357
0 0.217244 0.555945 0.0193885 0.0709371 0.746268 965
0 0.606123 0.927662 0.0155324 0.040242 0.726626 1371
0 0.333789 0.0724132 0.0192518 0.0480102 0.718392 1393
0 0.607332 0.304078 0.0126313 0.0353955 0.499153 1402
0 0.812208 0.676594 0.0122175 0.026527 0.309478 1074
0 0.328174 0.711575 0.0526252 0.128352 0.609426 887
0 0.951519 0.260381 0.0162809 0.0487423 0.569989 1414
0 0.704874 0.210568 0.0195081 0.0536841 0.426053 1420
0 0.581295 0.0667818 0.0161464 0.0380513 0.581558 1425
0 0.772046 0.0748733 0.0158128 0.036848 0.598309 1428
0 0.40073 0.0637261 0.0211723 0.0501657 0.645736 1429
0 0.993403 0.563116 0.0110374 0.0507934 0.375935 1311
0 0.746561 0.0385237 0.0167603 0.0472741 0.610931 1442
0 0.978781 0.407198 0.0154085 0.0351229 0.590783 1447
0 0.659181 0.277364 0.0131573 0.029497 0.520095 1144
0 0.372054 0.180901 0.0170969 0.0446414 0.660858 1277
0 0.923949 0.665276 0.0180923 0.0407162 0.542239 946
0 0.70168 0.250468 0.0444392 0.083085 0.337804 1041
0 0.455429 0.25675 0.0560632 0.100543 0.500703 1365
0 0.346461 0.197876 0.0143997 0.0455777 0.570413 1469
0 0.324252 0.13979 0.0171016 0.0499962 0.579574 1470
0 0.169262 0.259273 0.0171082 0.0506434 0.700731 1472
0 0.314453 0.347946 0.0388067 0.0772108 0.417848 1473
0 0.861519 0.225335 0.0149493 0.0361704 0.574778 1482
0 0.173253 0.704612 0.0261947 0.0896482 0.694766 778
0 0.696223 0.122565 0.0139159 0.043984 0.503088 1199
0 0.547991 0.774668 0.0225938 0.0612004 0.51537 1084
0 0.375182 0.604098 0.0161766 0.0405018 0.402566 630
0 0.628188 0.835518 0.0236377 0.0661503 0.617075 868
0 0.598776 0.267867 0.0135221 0.0281268 0.456693 1336
0 0.581127 0.720844 0.0198021 0.0348395 0.306186 1354
0 0.206903 0.290222 0.0144955 0.047972 0.593357 1490
0 0.106136 0.594745 0.0629736 0.137366 0.642137 1496
0 0.342603 0.109475 0.0155851 0.0331899 0.474377 1498
0 0.234979 0.316481 0.0232642 0.0683667 0.388518 1266
0 0.11715 0.440098 0.0121907 0.0449095 0.44459 1203
0 0.242415 0.709257 0.0227508 0.0551005 0.702249 744
0 0.851518 0.293045 0.0837905 0.0930017 0.323388 1032
0 0.646855 0.306424 0.0132523 0.0362174 0.548509 1431
0 0.486438 0.778001 0.0274295 0.0875915 0.406269 912
0 0.959662 0.900617 0.0197187 0.0395886 0.545013 234
0 0.183783 0.520596 0.0146795 0.0451407 0.600422 705
0 0.607819 0.743677 0.039958 0.092785 0.364373 101
0 0.733868 0.738081 0.0174636 0.0468532 0.549842 648
0 0.503947 0.190026 0.0110026 0.0323864 0.388818 1359
0 0.669327 0.513455 0.0121217 0.0290346 0.459713 1367
0 0.589399 0.664518 0.0130336 0.0384633 0.371591 888
0 0.303768 0.100822 0.0147156 0.0420906 0.327109 1415
0 0.221486 0.763261 0.0193107 0.0759695 0.490651 837
0 0.367565 0.0269485 0.0598374 0.0463105 0.449819 907
0 0.382571 0.718693 0.0245092 0.0725536 0.48185 805
