0 0.829284 0.778894 0.0197081 0.0432271 0.401246 80
0 0.599272 0.402644 0.097947 0.162696 0.811262 274
0 0.816819 0.733137 0.0293764 0.0547511 0.402675 312
0 0.28878 0.740902 0.016607 0.0591648 0.536225 329
0 0.685384 0.379595 0.0520985 0.106227 0.572431 386
0 0.659858 0.717742 0.0315092 0.0797505 0.417833 456
0 0.387278 0.664769 0.0237608 0.0690102 0.694894 514
0 0.463205 0.667021 0.110268 0.170374 0.732604 31
0 0.711542 0.711833 0.0436554 0.0818254 0.380284 269
0 0.489272 0.747596 0.0587163 0.0974398 0.47918 563
0 0.925948 0.780279 0.127356 0.152806 0.81315 594
0 0.523928 0.78357 0.0242347 0.0648376 0.550422 225
0 0.773357 0.632299 0.0222549 0.0634946 0.655613 272
0 0.743791 0.631465 0.0197662 0.0534526 0.589538 601
0 0.144221 0.736325 0.120465 0.216889 0.329149 604
0 0.84968 0.640631 0.0207337 0.0503893 0.740869 620
0 0.45618 0.518938 0.0680243 0.124287 0.702478 625
0 0.477258 0.838972 0.0302308 0.075281 0.352397 14
0 0.779578 0.522136 0.0990075 0.141338 0.834997 249
0 0.855129 0.692883 0.0355936 0.0616282 0.385164 656
0 0.314774 0.523071 0.0521278 0.113886 0.496608 692
0 0.767632 0.723368 0.0490482 0.0843976 0.353989 219
0 0.533846 0.394953 0.0186337 0.0488023 0.674698 710
0 0.392101 0.496112 0.0243996 0.0691539 0.439278 711
0 0.51125 0.444883 0.0208907 0.0559671 0.659013 717
0 0.834934 0.535188 0.0167947 0.0335514 0.568526 369
0 0.887883 0.671434 0.0173595 0.0449904 0.687806 780
0 0.578765 0.544321 0.122166 0.130106 0.781882 806
0 0.924477 0.504887 0.136239 0.249239 0.831445 811
0 0.693527 0.620786 0.0449011 0.0993288 0.553411 302
0 0.70826 0.532856 0.0207102 0.0573322 0.473104 824
0 0.780538 0.366931 0.0409265 0.0816444 0.405822 828
0 0.632643 0.621407 0.0487354 0.0962225 0.496789 847
0 0.819523 0.59006 0.0526718 0.106691 0.377659 861
0 0.849176 0.376754 0.0454807 0.0967854 0.462959 865
0 0.484067 0.412643 0.0232143 0.0547968 0.605614 870
0 0.672677 0.29923 0.0208091 0.0520304 0.747334 873
0 0.659787 0.460014 0.0179291 0.0501115 0.755828 874
0 0.419792 0.381845 0.0889482 0.142153 0.825707 875
0 0.517732 0.329772 0.0383603 0.0802564 0.58918 877
0 0.807001 0.41139 0.0175365 0.0498886 0.692361 879
0 0.702932 0.447215 0.049223 0.0983831 0.558002 886
0 0.562262 0.780061 0.022916 0.0618044 0.685952 901
0 0.245136 0.474815 0.0162293 0.0549672 0.34044 902
0 0.722058 0.328884 0.0195929 0.0405317 0.656418 909
0 0.671906 0.548911 0.0194842 0.0342206 0.528578 917
0 0.677439 0.580885 0.0192478 0.0309334 0.577443 943
0 0.481622 0.356741 0.0141734 0.0387083 0.553396 945
0 0.649912 0.684585 0.0187383 0.0447018 0.616932 950
0 0.851398 0.4508 0.0143704 0.0404082 0.536455 906
0 0.577473 0.276743 0.0286148 0.067162 0.452456 994
0 0.718111 0.28936 0.0130078 0.0253694 0.436494 1002
0 0.796372 0.205232 0.105503 0.225577 0.85458 174
0 0.0827025 0.465013 0.0541233 0.137214 0.671767 1027
0 0.49738 0.259588 0.0311598 0.0824853 0.431106 1049
0 0.552794 0.349189 0.0174507 0.0504232 0.732887 1057
0 0.799247 0.670535 0.0179691 0.043279 0.695334 1064
0 0.914656 0.299897 0.0368923 0.0861434 0.54791 1065
0 0.205922 0.390999 0.0280709 0.0685697 0.509587 1066
0 0.946022 0.617619 0.0153705 0.037732 0.535245 1068
0 0.187448 0.323747 0.0235422 0.0631481 0.663775 1087
0 0.151219 0.362668 0.0185484 0.053527 0.653566 1119
0 0.659804 0.199535 0.0307155 0.0616325 0.581496 1122
0 0.473093 0.0339406 0.0681229 0.0678813 0.698258 480
0 0.479633 0.173357 0.0172495 0.0419037 0.742827 1143
0 0.741634 0.118372 0.0244078 0.0666551 0.548981 1153
0 0.624611 0.156517 0.0189026 0.0527986 0.733434 1161
0 0.591478 0.222966 0.0274892 0.0690783 0.52691 1186
0 0.378093 0.223711 0.0663985 0.0996595 0.665119 1195
0 0.668487 0.133411 0.0182809 0.0471347 0.753643 1198
0 0.326276 0.411539 0.0801173 0.0917786 0.737821 1202
0 0.746684 0.438533 0.0196854 0.053113 0.589299 1204
0 0.88438 0.205723 0.014506 0.0387912 0.672004 1205
0 0.158332 0.296996 0.0192588 0.0573845 0.645208 1221
0 0.718021 0.653853 0.0191301 0.0364754 0.45568 884
0 0.980741 0.663312 0.0245422 0.0722263 0.495786 1239
0 0.533531 0.104413 0.052921 0.0910054 0.648086 1247
0 0.55807 0.160487 0.0759792 0.0999335 0.784357 93
0 0.771566 0.111167 0.0160683 0.0402933 0.660584 1254
0 0.250292 0.136855 0.107806 0.1586 0.721176 1255
0 0.55412 0.658862 0.0456355 0.0875855 0.356484 1256
0 0.624225 0.0562108 0.0652649 0.106968 0.732276 1258
0 0.389873 0.136383 0.0192237 0.0464452 0.728779 1264
0 0.412168 0.0970748 0.0197949 0.0410246 0.595214 1267
0 0.725927 0.0742594 0.0155338 0.0337508 0.524073 1285
0 0.753353 0.0730859 0.0145256 0.0277219 0.730068 1287
0 0.714856 0.112021 0.0188744 0.0434485 0.487339 1293
0 0.476502 0.43759 0.0188264 0.0477707 0.723116 1300
0 0.431643 0.147706 0.0349627 0.059965 0.59243 1304
0 0.484029 0.107444 0.0260878 0.0642009 0.461483 1312
0 0.765271 0.798184 0.0180066 0.0508234 0.692308 999
0 0.869998 0.904196 0.0176212 0.0455351 0.785266 1320
0 0.125 0.317491 0.0235469 0.0638414 0.610763 1328
0 0.583385 0.101451 0.0162976 0.0389281 0.70331 1334
0 0.360773 0.344091 0.019378 0.055628 0.756142 1226
0 0.701624 0.0422874 0.0576176 0.0766458 0.682573 1345
0 0.868825 0.183216 0.0130163 0.0236077 0.487272 1357
0 0.22124 0.519343 0.0221343 0.0866982 0.627421 965
0 0.620067 0.921873 0.0167691 0.0468632 0.578589 1371
0 0.237829 0.626899 0.0145837 0.0558522 0.314934 1372
0 0.223686 0.699888 0.0208895 0.0896965 0.386739 1381
0 0.333049 0.0589233 0.0176942 0.0419138 0.746498 1393
0 0.609757 0.288322 0.0121141 0.035118 0.417952 1402
0 0.627408 0.283443 0.0124535 0.0313482 0.405051 1406
0 0.818057 0.65686 0.0118491 0.0250548 0.346149 1074
0 0.330009 0.670223 0.0490023 0.121894 0.569569 887
0 0.354426 0.748835 0.0131332 0.0472951 0.315507 775
0 0.952427 0.253788 0.0162533 0.0477598 0.562233 1414
0 0.705915 0.199335 0.0201214 0.0514717 0.500792 1420
0 0.58135 0.0550248 0.0163411 0.038585 0.619996 1425
0 0.772581 0.0658498 0.0155701 0.0373726 0.673539 1428
0 0.399992 0.0503047 0.0215805 0.0497413 0.561629 1429
0 0.993733 0.555003 0.010631 0.048851 0.422848 1311
0 0.747639 0.0319099 0.0172366 0.0455445 0.552577 1442
0 0.98201 0.398112 0.0159436 0.0374412 0.615043 1447
0 0.661473 0.263012 0.0133273 0.0291447 0.588981 1144
0 0.368424 0.164362 0.0167795 0.0435627 0.72597 1277
0 0.528266 0.254054 0.0135023 0.0373092 0.605224 1332
0 0.929331 0.649557 0.0178351 0.0362049 0.440469 946
0 0.704546 0.235617 0.0411829 0.0827333 0.319427 1041
0 0.915179 0.673081 0.0187167 0.0409411 0.504703 1353
0 0.451828 0.246144 0.0537156 0.103282 0.450686 1365
0 0.34414 0.182435 0.0141277 0.042729 0.622742 1469
0 0.323577 0.123694 0.0172153 0.050703 0.517865 1470
0 0.169326 0.239262 0.0179148 0.0502593 0.667967 1472
0 0.314067 0.324946 0.0429462 0.0714711 0.473111 1473
0 0.8624 0.215138 0.0149773 0.0353003 0.615485 1482
0 0.170046 0.695299 0.0402742 0.144996 0.387173 778
0 0.697967 0.298663 0.0132225 0.035285 0.385076 871
0 0.28168 0.511803 0.0145596 0.0422473 0.398476 709
0 0.698157 0.112119 0.0149843 0.0450733 0.4868 1199
0 0.262641 0.234805 0.0187121 0.0473806 0.581191 59
0 0.586074 0.674846 0.0116382 0.0279427 0.323678 1053
0 0.556266 0.737185 0.0246194 0.0616352 0.407844 1084
0 0.381452 0.595924 0.0178501 0.0460551 0.440531 630
0 0.632033 0.80936 0.0270686 0.0666599 0.632507 868
0 0.600902 0.253485 0.0140913 0.0282173 0.313081 1336
0 0.587154 0.708504 0.017497 0.038727 0.487287 1354
0 0.639126 0.955815 0.0133947 0.0355231 0.589148 63
0 0.236822 0.29248 0.0180514 0.062591 0.37093 1266
0 0.117499 0.412813 0.0141403 0.0447801 0.336532 1203
0 0.263366 0.700103 0.0284801 0.0886401 0.663877 744
0 0.848096 0.282153 0.0742096 0.0959247 0.387007 1032
0 0.292782 0.284297 0.0144446 0.0415786 0.384608 1056
0 0.712167 0.863926 0.0146536 0.0445181 0.332096 1215
0 0.682525 0.513583 0.0139526 0.0292379 0.315861 1296
0 0.649129 0.292563 0.0132611 0.0328898 0.343987 1431
