0 0.83758 0.741697 0.0533966 0.0971545 0.589122 80
0 0.304671 0.24 0.0533499 0.107115 0.415905 260
0 0.601644 0.355229 0.0999111 0.168726 0.833043 274
0 0.829624 0.673645 0.0352261 0.0570419 0.308685 312
0 0.302565 0.654898 0.0423037 0.0959131 0.535063 329
0 0.691205 0.345914 0.0494169 0.133722 0.478386 386
0 0.639565 0.652209 0.0215561 0.0563462 0.603753 101
0 0.678689 0.654445 0.0217291 0.0495826 0.640064 456
0 0.406038 0.566453 0.0233337 0.0544253 0.659832 514
0 0.484896 0.557482 0.106002 0.182565 0.805184 31
0 0.730944 0.636337 0.0504688 0.0725036 0.479643 269
0 0.512935 0.631531 0.0583739 0.1137 0.321418 563
0 0.938152 0.721358 0.115464 0.159494 0.824278 594
0 0.541591 0.667472 0.0205542 0.0549961 0.696317 225
0 0.789169 0.570609 0.0208702 0.0596604 0.523303 272
0 0.760615 0.563878 0.0173954 0.0434347 0.714601 601
0 0.453977 0.767419 0.0131117 0.0422441 0.404307 603
0 0.174487 0.543167 0.0976413 0.236458 0.824829 604
0 0.862761 0.580563 0.0193151 0.0471602 0.808165 620
0 0.460127 0.428905 0.0618998 0.0928659 0.629337 625
0 0.395733 0.511595 0.0180091 0.0469102 0.711469 630
0 0.496913 0.749312 0.0522911 0.118589 0.602314 14
0 0.795789 0.465115 0.0986372 0.136195 0.846694 249
0 0.873914 0.629057 0.0226404 0.0541707 0.404987 656
0 0.860062 0.680494 0.012472 0.034788 0.390695 674
0 0.334287 0.418647 0.0591582 0.0991991 0.719583 692
0 0.44887 0.860993 0.0211827 0.0613412 0.646038 700
0 0.782913 0.66097 0.0517682 0.0859311 0.450843 219
0 0.35672 0.48596 0.0154116 0.0340336 0.731358 704
0 0.539771 0.338098 0.0188192 0.0438021 0.719146 710
0 0.397637 0.458677 0.0195663 0.0481652 0.703926 711
0 0.30197 0.410529 0.013551 0.026959 0.302352 713
0 0.21012 0.73691 0.027321 0.0678576 0.530943 715
0 0.465852 0.66757 0.0164144 0.039442 0.660444 716
0 0.51268 0.373181 0.0210097 0.0515425 0.640388 717
0 0.848506 0.478058 0.0174744 0.0349214 0.487267 369
0 0.902072 0.614411 0.0153619 0.0421937 0.714404 780
0 0.615068 0.487121 0.100086 0.122055 0.751397 806
0 0.932683 0.461032 0.122445 0.23053 0.850127 811
0 0.711434 0.557998 0.0435017 0.0913421 0.625844 302
0 0.850532 0.859261 0.0152854 0.0407796 0.691744 467
0 0.725392 0.475394 0.0205804 0.0558995 0.529841 824
0 0.576888 0.619734 0.0252945 0.0440796 0.537785 827
0 0.792417 0.317731 0.0332986 0.0731909 0.379288 828
0 0.250601 0.798631 0.0242631 0.0776054 0.557336 833
0 0.649389 0.562459 0.0517667 0.0961883 0.554076 847
0 0.833101 0.534043 0.0526229 0.101291 0.426899 861
0 0.861575 0.323115 0.0440346 0.0855772 0.449186 865
0 0.552988 0.719075 0.0170054 0.0461203 0.60121 867
0 0.65141 0.720364 0.0208489 0.0534925 0.644867 868
0 0.487634 0.334412 0.019765 0.0425387 0.695422 870
0 0.679304 0.250183 0.0206548 0.0511629 0.738715 873
0 0.655397 0.395943 0.0176022 0.049729 0.725707 874
0 0.428684 0.284635 0.0901239 0.20138 0.797953 875
0 0.530729 0.270304 0.0238482 0.0587657 0.49336 877
0 0.819642 0.341646 0.0163183 0.0441735 0.608371 879
0 0.71136 0.395566 0.0455944 0.0911161 0.541911 886
0 0.611845 0.628649 0.0174476 0.0263183 0.627421 888
0 0.580061 0.665832 0.0228509 0.0483171 0.546019 901
0 0.266346 0.381542 0.0200527 0.0508289 0.682434 902
0 0.729001 0.286438 0.0179961 0.0405704 0.648822 909
0 0.690792 0.490595 0.0180814 0.0296248 0.603659 917
0 0.743391 0.684932 0.0124114 0.0329507 0.551592 648
0 0.696418 0.523579 0.016425 0.0281741 0.602343 943
0 0.368828 0.515699 0.0154124 0.0362629 0.70923 725
0 0.489129 0.272689 0.0150494 0.0356008 0.574438 945
0 0.944941 0.599025 0.015567 0.0367819 0.338933 946
0 0.668339 0.614076 0.0171413 0.0395836 0.732641 950
0 0.352763 0.574275 0.0352506 0.0699215 0.499676 59
0 0.481629 0.701852 0.0161964 0.0394308 0.529655 768
0 0.546349 0.225253 0.0179163 0.0341677 0.548839 968
0 0.865491 0.390167 0.0138511 0.0390267 0.619361 906
0 0.260033 0.307094 0.0583105 0.0924363 0.707925 988
0 0.587538 0.221181 0.0267726 0.0693014 0.545921 994
0 0.605105 0.711037 0.0165347 0.0390895 0.504651 1001
0 0.724359 0.24188 0.0144981 0.0297724 0.570538 1002
0 0.802633 0.168498 0.10869 0.217596 0.830904 174
0 0.0927547 0.480857 0.0758499 0.196366 0.719805 1027
0 0.844819 0.245844 0.0687054 0.0958511 0.500814 1032
0 0.720097 0.20269 0.0213941 0.0444562 0.3206 1041
0 0.49951 0.20096 0.0296977 0.0733718 0.52954 1049
0 0.607447 0.595839 0.0153036 0.0293267 0.55394 1053
0 0.173355 0.382696 0.0174395 0.0470149 0.77404 1056
0 0.560313 0.294935 0.0173663 0.0448904 0.728669 1057
0 0.815659 0.609547 0.0156931 0.0394884 0.73693 1064
0 0.91872 0.256386 0.0305412 0.0645432 0.402324 1065
0 0.190594 0.333101 0.0168839 0.0448195 0.607652 1066
0 0.958242 0.566147 0.0162499 0.0392647 0.661637 1068
0 0.211792 0.233902 0.0625594 0.123314 0.782262 1087
0 0.156549 0.331833 0.0183554 0.0524877 0.565693 1119
0 0.669693 0.151248 0.0348175 0.0631315 0.542228 1122
0 0.474624 0.0183536 0.0478723 0.033548 0.499764 480
0 0.472709 0.153016 0.0182413 0.0484089 0.69408 1143
0 0.742005 0.0845576 0.0238107 0.0625422 0.543783 1153
0 0.632335 0.104976 0.0192456 0.0512911 0.785058 1161
0 0.601225 0.170716 0.0265504 0.0649033 0.440446 1186
0 0.322685 0.161577 0.117494 0.164435 0.759316 1195
0 0.674793 0.0845947 0.0196186 0.0516109 0.771077 1198
0 0.176078 0.296608 0.0151505 0.0341689 0.646555 1202
0 0.122444 0.337646 0.0235973 0.0641977 0.527242 1203
0 0.753388 0.395341 0.01591 0.0403397 0.667597 1204
0 0.888238 0.179081 0.0128718 0.0365631 0.490572 1205
0 0.310314 0.381321 0.0182967 0.0364684 0.553399 830
0 0.734309 0.754914 0.0270804 0.0624069 0.492933 1215
0 0.167229 0.252716 0.0174574 0.0563956 0.634104 1221
0 0.739102 0.581519 0.01741 0.0266098 0.471473 884
0 0.992667 0.618117 0.0140559 0.0526907 0.689823 1239
0 0.5373 0.0578532 0.0542362 0.0870022 0.697946 1247
0 0.564708 0.103822 0.0725709 0.0930389 0.733686 93
0 0.690614 0.749095 0.0182777 0.037648 0.615381 1045
0 0.772243 0.078205 0.0151856 0.0382403 0.696288 1254
0 0.241329 0.115217 0.0778747 0.107247 0.766674 1255
0 0.572408 0.565072 0.0195549 0.0483216 0.590658 1256
0 0.620988 0.0317626 0.0687204 0.0578318 0.782038 1258
0 0.389018 0.103745 0.0178356 0.04699 0.674838 1264
0 0.414164 0.0697604 0.0197235 0.0479096 0.630839 1267
0 0.764589 0.746499 0.0172875 0.0315097 0.672347 60
0 0.0795851 0.669884 0.0155981 0.0515263 0.519267 1281
0 0.764273 0.936146 0.0175245 0.048282 0.690101 1282
0 0.726524 0.0417054 0.0132517 0.0318747 0.638379 1285
0 0.75265 0.0434067 0.0127378 0.0302972 0.70831 1287
0 0.717452 0.0782082 0.0189743 0.0410029 0.421229 1293
0 0.698773 0.460487 0.0139879 0.029472 0.619797 1296
0 0.562629 0.834444 0.0183857 0.0597748 0.674949 13
0 0.893824 0.868429 0.0199425 0.0465163 0.730347 1300
0 0.762225 0.787067 0.0144917 0.0290995 0.384987 1301
0 0.430847 0.117221 0.0398228 0.0746527 0.582608 1304
0 0.523806 0.321396 0.0133823 0.0296733 0.4715 1308
0 0.477612 0.0775559 0.033438 0.0761469 0.509084 1312
0 0.790912 0.722486 0.0190102 0.0411001 0.627622 999
0 0.758322 0.717829 0.0124147 0.0268031 0.523842 228
0 0.529689 0.422845 0.0184166 0.0476669 0.607086 1220
0 0.904712 0.923087 0.0144576 0.0389565 0.609784 1316
0 0.726272 0.698444 0.0153526 0.0421446 0.370754 1317
0 0.581296 0.786566 0.016502 0.0342934 0.789696 1318
0 0.877818 0.852553 0.0144984 0.0333263 0.637375 1320
0 0.950747 0.879581 0.015069 0.0403121 0.584384 1325
0 0.137862 0.273643 0.0170507 0.0579252 0.603791 1328
0 0.586766 0.0526938 0.0136605 0.0358065 0.514805 1334
0 0.607124 0.198661 0.0210138 0.028107 0.304294 1336
0 0.110344 0.690141 0.0220665 0.0791417 0.392815 790
0 0.389712 0.279842 0.0185035 0.0529886 0.694999 1226
0 0.699579 0.0254984 0.0573749 0.0458048 0.739006 1345
0 0.43753 0.030428 0.0166496 0.0395946 0.494351 1346
0 0.556669 0.191798 0.0124923 0.0290735 0.598649 1348
0 0.0773801 0.351336 0.0163854 0.0497442 0.714986 1352
0 0.930547 0.61694 0.0144821 0.0331813 0.447085 1353
0 0.605619 0.665111 0.0161235 0.0330989 0.740833 1354
0 0.868414 0.145169 0.0137444 0.035079 0.670194 1357
0 0.498517 0.136664 0.0122922 0.0330817 0.443286 1359
0 0.428088 0.173646 0.0121477 0.032019 0.383545 1365
0 0.682098 0.448136 0.0105766 0.0320924 0.400554 1367
0 0.709976 0.141088 0.020332 0.0477621 0.710657 23
0 0.491634 0.915742 0.0170822 0.0473134 0.642498 3
0 0.401155 0.690553 0.0238665 0.0566571 0.73414 562
0 0.427985 0.708834 0.0167323 0.0452357 0.601719 627
0 0.315822 0.764614 0.0153786 0.0377381 0.386823 732
0 0.237251 0.395694 0.0157313 0.0491724 0.782299 965
0 0.80142 0.796825 0.0179402 0.0384599 0.745413 1132
0 0.392581 0.825726 0.0149346 0.0462001 0.651014 1005
0 0.576305 0.648338 0.0307517 0.0873324 0.346696 1084
0 0.298869 0.814239 0.0307331 0.0859829 0.570175 760
0 0.344966 0.650616 0.0214901 0.0531967 0.577255 919
0 0.61464 0.78481 0.0112165 0.0171178 0.400558 1048
0 0.843175 0.619196 0.0122552 0.0285471 0.436903 1074
0 0.758102 0.383882 0.020302 0.0617236 0.311915 1085
0 0.309118 0.525587 0.0223563 0.0577456 0.541352 887
0 0.708423 0.753141 0.0135637 0.0333058 0.559796 1234
0 0.54248 0.834994 0.0181603 0.0472464 0.50199 448
0 0.422031 0.849033 0.0212 0.0468356 0.61814 600
0 0.694078 0.846387 0.0119177 0.0348808 0.462892 92
0 0.235923 0.762822 0.0157633 0.0405096 0.368769 1073
0 0.551697 0.886803 0.0279813 0.0607995 0.667221 299
0 0.355187 0.74528 0.035535 0.0675921 0.711963 775
0 0.364938 0.459178 0.0117745 0.022944 0.414381 1055
0 0.599122 0.922256 0.0164163 0.0484111 0.632538 451
0 0.431101 0.778338 0.0184264 0.0518235 0.745343 1200
0 0.674787 0.859009 0.0171444 0.0459874 0.784865 948
0 0.380217 0.415762 0.0165283 0.031666 0.50859 1174
