0 0.589929 0.567597 0.105238 0.168032 0.753219 274
0 0.676316 0.504897 0.0577377 0.109436 0.346225 386
0 0.66816 0.892671 0.0318143 0.0841914 0.39366 269
0 0.68171 0.35384 0.0503317 0.0767906 0.371275 563
0 0.822107 0.764735 0.0250246 0.0523029 0.671098 620
0 0.740546 0.703887 0.104433 0.143862 0.718221 249
0 0.82696 0.822967 0.0223025 0.0617816 0.606023 656
0 0.383942 0.36788 0.0600275 0.107935 0.796273 219
0 0.495551 0.704305 0.0221687 0.0631095 0.669828 717
0 0.535865 0.767652 0.0200104 0.0555793 0.334348 806
0 0.914223 0.579909 0.0274665 0.0647789 0.677507 811
0 0.671822 0.787887 0.0203546 0.0465022 0.555983 302
0 0.764322 0.489427 0.0188538 0.0580918 0.699982 828
0 0.602196 0.757662 0.0186694 0.0466649 0.616787 847
0 0.813598 0.523388 0.0558759 0.120158 0.524053 865
0 0.653293 0.426706 0.0210157 0.0532647 0.69838 873
0 0.415479 0.703893 0.0432053 0.098023 0.411425 875
0 0.493477 0.564893 0.0211211 0.0440913 0.468025 877
0 0.766307 0.576072 0.0272833 0.0666294 0.674342 879
0 0.69333 0.566883 0.0547639 0.100108 0.549182 886
0 0.703739 0.445307 0.0185423 0.0480283 0.727534 909
0 0.630563 0.794505 0.0160926 0.0390744 0.661192 943
0 0.823753 0.617787 0.0233869 0.0481597 0.694554 906
0 0.776005 0.328564 0.115157 0.231872 0.857072 174
0 0.462062 0.476047 0.0276263 0.0666666 0.552726 1049
0 0.909797 0.393991 0.0603494 0.0949546 0.636109 1065
0 0.195893 0.697598 0.0300949 0.0843731 0.451402 1066
0 0.168573 0.59831 0.0391771 0.0837279 0.43375 1087
0 0.14164 0.672171 0.0199841 0.0709816 0.58288 1119
0 0.46385 0.157112 0.0616302 0.0965804 0.634088 480
0 0.488844 0.28444 0.0161712 0.0387916 0.779149 1143
0 0.730063 0.232559 0.0291949 0.0778808 0.652821 1153
0 0.612349 0.286907 0.0205698 0.0586038 0.716833 1161
0 0.364763 0.406721 0.0722134 0.12312 0.646193 1195
0 0.653972 0.252067 0.0161314 0.0514613 0.718339 1198
0 0.272564 0.714581 0.0833145 0.192017 0.62327 1202
0 0.870596 0.298494 0.0154552 0.0421661 0.67686 1205
0 0.126336 0.534675 0.0230918 0.0677113 0.673074 1221
0 0.947023 0.766781 0.0199356 0.0471324 0.660877 1239
0 0.525328 0.222048 0.0581509 0.0964918 0.637788 1247
0 0.552814 0.295044 0.0752388 0.104378 0.746584 93
0 0.761849 0.215708 0.0163191 0.0458672 0.531144 1254
0 0.235045 0.367903 0.0842185 0.124017 0.780248 1255
0 0.620755 0.174858 0.0605792 0.126881 0.717435 1258
0 0.390421 0.285777 0.0201391 0.0532075 0.652653 1264
0 0.406941 0.236241 0.0167213 0.0384751 0.73603 1267
0 0.71427 0.186215 0.0168098 0.0361451 0.446223 1285
0 0.74049 0.175531 0.0161067 0.0299644 0.642232 1287
0 0.430754 0.273148 0.0224273 0.0595195 0.578273 1304
0 0.47889 0.230842 0.020277 0.0567288 0.562159 1312
0 0.115241 0.607208 0.0182072 0.0668413 0.578418 1328
0 0.575298 0.216843 0.0168457 0.0447371 0.656032 1334
0 0.327878 0.608148 0.021746 0.06705 0.70289 1226
0 0.694638 0.135449 0.0564951 0.10222 0.65446 1345
0 0.317832 0.223656 0.0193235 0.0521084 0.686638 1393
0 0.931685 0.32317 0.0157275 0.045159 0.633144 1414
0 0.687414 0.324381 0.0177075 0.0542327 0.414278 1420
0 0.573439 0.167407 0.0157508 0.0418292 0.654253 1425
0 0.764068 0.16692 0.0165153 0.0428386 0.681179 1428
0 0.395895 0.191076 0.0204068 0.0544764 0.702347 1429
0 0.741855 0.129984 0.0180878 0.0491307 0.794801 1442
0 0.956155 0.501464 0.0228746 0.0545916 0.478538 1447
0 0.903411 0.776939 0.01899 0.0407367 0.705744 946
0 0.691317 0.380935 0.0212909 0.0555287 0.348847 1041
0 0.452521 0.40882 0.0249376 0.0594177 0.710864 1365
0 0.344372 0.336296 0.0182553 0.0489278 0.61772 1469
0 0.313342 0.302283 0.0230261 0.0629361 0.642564 1470
0 0.164153 0.456805 0.0186016 0.0581833 0.737018 1472
0 0.292976 0.575359 0.0225567 0.0728461 0.459565 1473
0 0.852385 0.325593 0.0174624 0.0321386 0.582053 1482
0 0.684941 0.221897 0.0157951 0.0495314 0.518116 1199
0 0.183367 0.502364 0.0131201 0.0392018 0.544306 1490
0 0.329657 0.25895 0.0161325 0.0322575 0.439819 1498
0 0.214804 0.53246 0.0313245 0.0784777 0.42963 1266
0 0.834123 0.398926 0.0705306 0.108091 0.557208 1032
0 0.627106 0.431637 0.013924 0.038694 0.536283 1431
0 0.862723 0.494954 0.0202538 0.0553195 0.511248 1514
0 0.584521 0.0872318 0.0491266 0.102981 0.507957 1515
0 0.257874 0.274802 0.0224656 0.0521856 0.558344 1525
0 0.711796 0.885951 0.015449 0.0447097 0.346244 648
0 0.290937 0.258081 0.0160042 0.0399195 0.583637 1415
0 0.353999 0.101858 0.0648658 0.12102 0.583339 907
0 0.428957 0.0885108 0.0690972 0.128877 0.724033 1537
0 0.217128 0.625957 0.0175166 0.049856 0.607707 1538
0 0.815965 0.170927 0.0197206 0.0572477 0.625579 1552
0 0.256635 0.570044 0.0244559 0.0720645 0.420694 988
0 0.445112 0.780737 0.0179031 0.0328414 0.429198 625
0 0.318458 0.445131 0.0187233 0.0598678 0.695004 1056
0 0.52614 0.0843192 0.0378472 0.0955659 0.406928 1562
0 0.975982 0.730137 0.0143465 0.0384053 0.611192 1563
0 0.391826 0.470025 0.0146855 0.0494532 0.57682 1567
0 0.863036 0.902566 0.0317718 0.0653812 0.691751 784
0 0.903072 0.736988 0.0171484 0.0361516 0.59006 1068
0 0.914234 0.847641 0.0160979 0.043036 0.693954 1583
0 0.662053 0.204144 0.0142751 0.0397507 0.582776 1584
0 0.0762366 0.574258 0.0476239 0.125092 0.543957 1589
0 0.253234 0.497323 0.019451 0.059537 0.57933 1602
0 0.72097 0.614491 0.0190428 0.0432336 0.607141 1085
0 0.507031 0.762218 0.0240845 0.06243 0.667537 1220
0 0.45967 0.897594 0.0206512 0.0524142 0.437665 912
0 0.480237 0.363428 0.0174138 0.0482415 0.662819 1359
0 0.606206 0.435499 0.0211964 0.0481506 0.515419 1402
0 0.503796 0.832921 0.0234369 0.0731578 0.636183 1616
0 0.54821 0.815888 0.0181799 0.0414892 0.506899 1620
0 0.906688 0.209418 0.0884915 0.156337 0.717255 1632
0 0.111713 0.482191 0.017676 0.0516682 0.60286 1638
0 0.387466 0.779549 0.0249591 0.0795231 0.5361 1645
0 0.436165 0.843493 0.0236878 0.0666401 0.544422 1207
0 0.589642 0.385712 0.0202573 0.0604856 0.536337 1336
0 0.574886 0.763193 0.0195499 0.0525281 0.609111 888
0 0.387884 0.859396 0.0198034 0.056539 0.620974 805
0 0.310965 0.761751 0.022903 0.086768 0.458081 704
0 0.646532 0.724402 0.0247415 0.0712606 0.345171 917
0 0.341251 0.806311 0.0232078 0.0797414 0.558184 630
0 0.605876 0.899073 0.0159904 0.0443076 0.318611 950
0 0.324475 0.534248 0.0181557 0.0571066 0.581848 1655
0 0.817878 0.103822 0.0292341 0.0632369 0.382328 1656
0 0.487715 0.054413 0.0199794 0.0465642 0.606055 1658
0 0.964967 0.299746 0.0512325 0.101423 0.468278 1664
0 0.11783 0.330871 0.0196372 0.0632288 0.63416 1666
0 0.442831 0.564354 0.0433407 0.0845836 0.582029 1150
0 0.533751 0.664579 0.0198904 0.0650479 0.559646 706
0 0.368909 0.663708 0.0212783 0.0658581 0.748162 1174
0 0.738572 0.0556374 0.0500725 0.0779744 0.667572 1129
0 0.184367 0.143987 0.0556918 0.123835 0.594287 312
0 0.852488 0.287073 0.013334 0.0270343 0.468458 1357
0 0.872011 0.616763 0.0203876 0.0461465 0.763433 1691
0 0.416129 0.509987 0.0200494 0.0598462 0.640442 1693
0 0.282038 0.452785 0.0168558 0.0585504 0.524471 1708
0 0.191671 0.443828 0.0131281 0.0428224 0.576963 1713
0 0.453738 0.347015 0.0193213 0.0490605 0.661391 1717
0 0.866371 0.716361 0.0200984 0.0472344 0.608041 76
0 0.486559 0.518311 0.0144723 0.0317147 0.412997 1308
0 0.512964 0.452692 0.0302353 0.0709294 0.501312 1332
0 0.69082 0.813593 0.0164823 0.0325035 0.548022 884
0 0.761386 0.768814 0.0780756 0.111085 0.598982 272
0 0.583333 0.920866 0.0302793 0.0890335 0.516684 101
0 0.489561 0.617163 0.0209687 0.0528782 0.615355 870
0 0.35802 0.234262 0.022032 0.0616507 0.571342 874
0 0.55336 0.919941 0.0172424 0.0505744 0.326639 827
0 0.519869 0.529791 0.0158817 0.0406152 0.392585 710
0 0.79516 0.942731 0.010993 0.0323466 0.406854 840
0 0.356031 0.76066 0.0168508 0.039401 0.357221 725
0 0.880993 0.971189 0.015888 0.0353986 0.471576 185
0 0.826465 0.894389 0.0167315 0.0412003 0.534191 80
0 0.535245 0.944914 0.0127214 0.0328451 0.382109 1084
0 0.634041 0.918926 0.0232798 0.0716988 0.482538 456
0 0.670847 0.644825 0.0229978 0.0540225 0.455532 1367
0 0.5642 0.430828 0.0342994 0.0822155 0.581395 994
0 0.372181 0.330801 0.0140413 0.0388853 0.519938 1277
0 0.694521 0.846214 0.0110638 0.0261014 0.348393 1234
0 0.824184 0.693046 0.0254014 0.0426218 0.70221 369
0 0.789254 0.820504 0.0159563 0.0296072 0.435947 1074
