0 0.781048 0.769344 0.0468671 0.0804284 0.668604 1
0 0.240484 0.789178 0.0201353 0.0633562 0.596819 2
0 0.41925 0.567908 0.0175433 0.0467227 0.675351 6
0 0.633933 0.451503 0.0504284 0.0649138 0.625937 13
0 0.502072 0.848272 0.0169589 0.0419872 0.538138 16
0 0.634258 0.808555 0.037565 0.0626598 0.470358 18
0 0.690404 0.816057 0.0239668 0.0604984 0.736701 21
0 0.859373 0.923858 0.0163042 0.040347 0.783052 23
0 0.826783 0.64198 0.02498 0.063697 0.641244 60
0 0.742581 0.679609 0.107614 0.153271 0.80624 63
0 0.322952 0.622353 0.0174245 0.0415661 0.386644 68
0 0.865947 0.558484 0.0594445 0.0874988 0.627262 80
0 0.657001 0.660584 0.0328153 0.080031 0.330715 95
0 0.467857 0.741233 0.0205597 0.0409171 0.765444 98
0 0.583591 0.693346 0.0188792 0.0467576 0.685214 102
0 0.12584 0.699766 0.076491 0.212696 0.652112 128
0 0.645155 0.446712 0.0239018 0.0603402 0.784274 156
0 0.920878 0.874278 0.0250269 0.0488829 0.723243 163
0 0.97303 0.741201 0.0529101 0.10738 0.484079 185
0 0.357524 0.492916 0.0807654 0.126886 0.719912 189
0 0.832492 0.535797 0.0220502 0.0511033 0.669816 260
0 0.645025 0.109924 0.0957394 0.155114 0.822439 274
0 0.58696 0.56351 0.0256179 0.0562672 0.631839 299
0 0.875548 0.473348 0.0217966 0.055884 0.605831 312
0 0.342926 0.258988 0.066684 0.138621 0.6834 329
0 0.415358 0.258273 0.0541657 0.10083 0.728277 337
0 0.447766 0.798574 0.0218956 0.0593014 0.726858 58
0 0.465762 0.695804 0.019195 0.0356463 0.738215 89
0 0.613689 0.697853 0.0186114 0.0462504 0.738432 370
0 0.464355 0.606814 0.0189454 0.0396841 0.573275 380
0 0.728476 0.11281 0.0491777 0.084504 0.586254 386
0 0.676299 0.745654 0.0159958 0.0478826 0.473417 387
0 0.4605 0.654426 0.0193052 0.0398706 0.597685 54
0 0.396655 0.795061 0.0168501 0.0397599 0.370228 83
0 0.420909 0.69991 0.0477745 0.0738453 0.419436 114
0 0.386176 0.767147 0.0249521 0.0548088 0.408061 424
0 0.0591582 0.677694 0.0245408 0.0756976 0.634054 434
0 0.518686 0.634115 0.0685925 0.146529 0.793505 3
0 0.59285 0.796869 0.0250203 0.0611779 0.619316 127
0 0.611146 0.885389 0.0214219 0.0602247 0.662652 86
0 0.693948 0.410483 0.026846 0.0694199 0.730427 101
0 0.334799 0.642073 0.0153813 0.0387195 0.460467 170
0 0.605074 0.513796 0.0177773 0.0428265 0.701833 448
0 0.582448 0.634434 0.0220602 0.0545609 0.406242 455
0 0.734604 0.392697 0.0192386 0.0515005 0.69833 456
0 0.370994 0.605114 0.0497192 0.101211 0.435181 465
0 0.194758 0.78823 0.0188921 0.06211 0.474086 470
0 0.116676 0.447153 0.0205554 0.0599211 0.635409 480
0 0.55639 0.696923 0.0185014 0.0480033 0.702548 140
0 0.754977 0.529494 0.0726926 0.113144 0.785812 92
0 0.564055 0.753337 0.0229175 0.0599294 0.643951 139
0 0.51135 0.798815 0.0184381 0.0424625 0.755079 507
0 0.456917 0.220806 0.0211435 0.0483027 0.662281 514
0 0.811126 0.409911 0.0174406 0.043843 0.713236 521
0 0.643099 0.563495 0.0527723 0.112107 0.687271 523
0 0.54343 0.799867 0.0141589 0.0347671 0.442831 533
0 0.547821 0.202373 0.0865784 0.154917 0.804544 31
0 0.776544 0.412256 0.0313464 0.067571 0.551838 269
0 0.400778 0.644485 0.0211402 0.0540207 0.713901 556
0 0.455392 0.423643 0.0724891 0.198237 0.803659 562
0 0.582902 0.277794 0.0563969 0.0969884 0.65549 563
0 0.703553 0.518242 0.016219 0.0372185 0.639678 582
0 0.960077 0.538791 0.0795477 0.173154 0.828571 594
0 0.60579 0.333616 0.0220884 0.0567538 0.722219 225
0 0.573083 0.487933 0.038506 0.0686464 0.347017 27
0 0.8384 0.370968 0.0228482 0.0565139 0.710918 272
0 0.489484 0.518702 0.0189174 0.0490989 0.728606 600
0 0.808307 0.34945 0.0171593 0.0430585 0.71272 601
0 0.514544 0.409211 0.0208033 0.0459301 0.644003 603
0 0.212868 0.201308 0.0987356 0.17886 0.777351 604
0 0.502175 0.913389 0.0189688 0.0527056 0.678139 614
0 0.902344 0.385744 0.0165594 0.038055 0.756184 620
0 0.271976 0.393993 0.0352242 0.0574824 0.452689 624
0 0.498098 0.120953 0.0529554 0.119228 0.572374 625
0 0.504552 0.345844 0.0184634 0.0572289 0.484163 627
0 0.221871 0.55287 0.0198816 0.0533682 0.678846 628
0 0.450896 0.169618 0.017582 0.0421946 0.702884 630
0 0.557547 0.393274 0.0469749 0.0905357 0.657383 14
0 0.846639 0.248842 0.101578 0.123594 0.834817 249
0 0.912979 0.423947 0.0203468 0.0422151 0.724956 656
0 0.143558 0.363949 0.0191956 0.0575234 0.632274 670
0 0.234894 0.447295 0.0333006 0.0826833 0.387599 673
0 0.907568 0.475816 0.0162175 0.0397603 0.741747 674
0 0.0830184 0.396622 0.0195412 0.0674675 0.467206 675
0 0.525234 0.360021 0.0200479 0.0371751 0.658093 682
0 0.167289 0.424495 0.0448578 0.0867459 0.669185 687
0 0.177359 0.642927 0.0204605 0.0556266 0.640817 691
0 0.377867 0.0921399 0.0405752 0.0825539 0.331523 692
0 0.523724 0.48059 0.0257739 0.0754607 0.553711 700
0 0.246404 0.618689 0.0198573 0.058917 0.734237 221
0 0.832927 0.458584 0.0317411 0.0593086 0.502647 219
0 0.29283 0.539518 0.042068 0.0799749 0.400331 476
0 0.439208 0.639565 0.0164904 0.0321497 0.561034 534
0 0.402321 0.14008 0.0172484 0.0445162 0.657436 704
0 0.303163 0.158763 0.016417 0.0423734 0.66238 709
0 0.583321 0.0899541 0.0163707 0.0424105 0.720076 710
0 0.443115 0.119824 0.0189362 0.0473299 0.621971 711
0 0.384055 0.178926 0.0161784 0.0412968 0.644251 712
0 0.316105 0.110886 0.0228946 0.0622267 0.46438 713
0 0.351118 0.763842 0.020672 0.0490821 0.518475 714
0 0.25426 0.314866 0.0199752 0.0440241 0.682065 715
0 0.536274 0.305189 0.01241 0.0305294 0.402121 716
0 0.540973 0.0920123 0.0172343 0.0454675 0.665794 717
0 0.701026 0.582354 0.0185986 0.0376241 0.701117 718
0 0.26569 0.710157 0.0217394 0.0592332 0.633122 724
0 0.223097 0.349375 0.0203581 0.0637707 0.603587 729
0 0.433054 0.333182 0.0132286 0.0378805 0.543104 732
0 0.283972 0.457779 0.0296153 0.0717893 0.376208 733
0 0.353706 0.68092 0.017171 0.0420951 0.664623 742
0 0.346508 0.721486 0.014433 0.0315924 0.593367 758
0 0.24695 0.515187 0.0151782 0.0466048 0.678655 765
0 0.891005 0.290063 0.0141921 0.0362154 0.667351 369
0 0.814005 0.716903 0.0202872 0.0462893 0.75548 373
0 0.54576 0.855678 0.0153963 0.0537655 0.671077 113
0 0.083176 0.61759 0.0189509 0.059 0.494114 464
0 0.378079 0.382728 0.062781 0.101291 0.665125 775
0 0.12798 0.509168 0.019382 0.0659885 0.509947 776
0 0.931671 0.452567 0.0163976 0.037395 0.668619 780
0 0.984404 0.649543 0.0244473 0.0454241 0.517422 784
0 0.911346 0.602825 0.0235143 0.0450203 0.654898 785
0 0.210312 0.626026 0.0202578 0.056465 0.651138 786
0 0.630619 0.743675 0.0229879 0.0556772 0.530011 789
0 0.530207 0.843 0.0150925 0.0473763 0.542378 800
0 0.474476 0.272873 0.0308654 0.061037 0.468672 805
0 0.66342 0.23381 0.0719505 0.103729 0.62232 806
0 0.0692968 0.524285 0.053643 0.116867 0.499677 807
0 0.953589 0.301072 0.0815507 0.194817 0.765797 811
0 0.20303 0.42669 0.0127649 0.0407085 0.471063 819
0 0.759462 0.324788 0.0391768 0.0656023 0.439934 302
0 0.946966 0.623235 0.013178 0.0365422 0.531056 72
0 0.896772 0.662639 0.0241179 0.0732376 0.671368 467
0 0.589826 0.741762 0.0170235 0.0417807 0.565088 105
0 0.400069 0.546459 0.0160876 0.0406538 0.677246 477
0 0.304711 0.31367 0.0114832 0.0335573 0.307959 327
0 0.277329 0.830679 0.0207231 0.0569938 0.667582 44
0 0.807218 0.496611 0.0154373 0.0413124 0.679226 228
0 0.774324 0.257432 0.0186345 0.0528699 0.737605 824
0 0.636573 0.340494 0.0147485 0.0322756 0.69144 827
0 0.829094 0.112571 0.106703 0.134089 0.672431 828
0 0.133139 0.243025 0.0414182 0.0769507 0.501899 829
0 0.339976 0.0789945 0.0159235 0.0383515 0.553788 830
0 0.448982 0.563403 0.0202036 0.0452546 0.693954 832
0 0.314769 0.35684 0.0215759 0.0590445 0.693298 833
0 0.846866 0.496716 0.0138665 0.0248996 0.541878 840
0 0.390555 0.695632 0.0135308 0.0329676 0.419203 845
0 0.698922 0.297734 0.0394199 0.0711897 0.464004 847
0 0.268639 0.77353 0.016325 0.0525238 0.64426 848
0 0.176021 0.357287 0.0182319 0.0449513 0.69211 850
0 0.305623 0.409681 0.0130135 0.0367037 0.62744 852
0 0.157723 0.56099 0.0131661 0.0502108 0.573282 854
0 0.470458 0.549606 0.0223848 0.0574764 0.325537 855
0 0.881577 0.342101 0.0461325 0.077245 0.348249 861
0 0.961895 0.841465 0.0174309 0.0437035 0.622376 234
0 0.901346 0.154631 0.019305 0.0498883 0.683116 865
0 0.624977 0.391875 0.0204126 0.0498613 0.70743 867
0 0.721836 0.468282 0.029134 0.0647498 0.613208 868
0 0.598559 0.427736 0.0157219 0.0355627 0.656151 869
0 0.527668 0.0485137 0.0175403 0.0488814 0.626635 870
0 0.740127 0.0452226 0.0140366 0.0396178 0.738585 871
0 0.717971 0.0349615 0.0185079 0.0478966 0.679982 873
0 0.690695 0.161482 0.0159814 0.0417317 0.713194 874
0 0.456181 0.0419877 0.0863122 0.0713342 0.730249 875
0 0.567049 0.0396171 0.0286669 0.059677 0.546565 877
0 0.217209 0.734894 0.01644 0.049536 0.456879 878
0 0.867932 0.161459 0.0153061 0.0400812 0.704145 879
0 0.852237 0.18561 0.0132236 0.0324251 0.580196 883
0 0.783009 0.356764 0.0145852 0.0298251 0.60921 884
0 0.750234 0.183876 0.0364981 0.0679006 0.496931 886
0 0.36472 0.157158 0.0249744 0.0531535 0.56003 887
0 0.670298 0.392178 0.0157489 0.0347676 0.640309 888
0 0.658492 0.853832 0.0210306 0.0519429 0.738769 56
0 0.595158 0.390506 0.0132609 0.0325121 0.603438 721
0 0.654929 0.371463 0.0177705 0.0438607 0.732105 901
0 0.299183 0.0752093 0.0172627 0.0396479 0.583739 902
0 0.897433 0.905475 0.013742 0.0326725 0.57281 904
0 0.942709 0.88895 0.0143757 0.0295954 0.706667 905
0 0.914441 0.195402 0.013332 0.0352545 0.700273 906
0 0.327462 0.411499 0.0151983 0.0410416 0.698777 907
0 0.764894 0.0943569 0.0127829 0.0357255 0.605766 909
0 0.423224 0.615844 0.0145055 0.0313174 0.494826 910
0 0.579575 0.438414 0.0164066 0.0283833 0.547895 912
0 0.741474 0.259198 0.0137672 0.0313444 0.549859 917
0 0.413497 0.338752 0.0141076 0.0367532 0.549834 919
0 0.791728 0.449147 0.0138289 0.0350188 0.482414 648
0 0.373066 0.304993 0.011849 0.0393887 0.410215 744
0 0.374156 0.837254 0.0190305 0.0525017 0.56557 9
0 0.64538 0.89215 0.0150167 0.0377583 0.478613 7
0 0.512268 0.731453 0.0155628 0.0430056 0.452322 454
0 0.419674 0.151099 0.0153154 0.0327354 0.35479 725
0 0.378159 0.667346 0.0172886 0.0390998 0.671187 760
0 0.754501 0.756353 0.014198 0.033102 0.328956 84
0 0.153002 0.304163 0.0147172 0.0428599 0.560984 778
