0 0.613646 0.765706 0.0677457 0.135226 0.424475 386
0 0.858461 0.769351 0.0220509 0.056699 0.632873 811
0 0.687315 0.754201 0.0224992 0.0581631 0.703375 828
0 0.768344 0.691752 0.0470503 0.0839875 0.545973 865
0 0.743115 0.501279 0.114865 0.216969 0.836472 174
0 0.415445 0.81033 0.0313526 0.0948226 0.520128 1049
0 0.892098 0.530522 0.0613254 0.119662 0.658336 1065
0 0.443443 0.380718 0.0551675 0.106392 0.535324 480
0 0.484869 0.498323 0.0141978 0.0422785 0.439555 1143
0 0.696109 0.393239 0.0286025 0.0736004 0.606935 1153
0 0.331573 0.731686 0.0636424 0.149005 0.549882 1195
0 0.620549 0.467287 0.019693 0.0583129 0.733859 1198
0 0.841424 0.441709 0.0145432 0.041335 0.583364 1205
0 0.507157 0.430558 0.0507852 0.0936309 0.477558 1247
0 0.538117 0.521745 0.0700253 0.131566 0.792375 93
0 0.731969 0.373361 0.0187222 0.0402659 0.602224 1254
0 0.243249 0.678985 0.0464619 0.119869 0.300278 1255
0 0.628415 0.340263 0.107024 0.152934 0.812944 1258
0 0.380871 0.573625 0.0204954 0.0731988 0.519705 1264
0 0.459674 0.118605 0.111884 0.17344 0.804688 1285
0 0.709861 0.336433 0.0163321 0.031296 0.525798 1287
0 0.414131 0.529916 0.0287912 0.0852056 0.487758 1304
0 0.463905 0.457803 0.0175571 0.0651173 0.395662 1312
0 0.555818 0.428015 0.017304 0.039664 0.505582 1334
0 0.300533 0.532119 0.0186841 0.0610495 0.635341 1393
0 0.892367 0.431031 0.0168645 0.0487046 0.744264 1414
0 0.649185 0.534617 0.0226599 0.0655337 0.312403 1420
0 0.735853 0.324001 0.0195672 0.0410515 0.548136 1428
0 0.38334 0.430074 0.0214503 0.068701 0.577718 1429
0 0.71628 0.285314 0.0251012 0.0597991 0.661648 1442
0 0.914353 0.669995 0.0237637 0.0609675 0.525934 1447
0 0.658163 0.597885 0.0318391 0.0657995 0.343642 1041
0 0.414472 0.701929 0.0229605 0.0637021 0.684617 1365
0 0.329036 0.626197 0.0167349 0.0587788 0.499171 1469
0 0.297707 0.612255 0.0198702 0.0662855 0.633486 1470
0 0.646306 0.42061 0.0237035 0.0578898 0.493909 1199
0 0.823777 0.523762 0.0590592 0.112992 0.505698 1032
0 0.797859 0.63497 0.0176873 0.04366 0.71153 1514
0 0.559843 0.287878 0.0501415 0.1065 0.652273 1515
0 0.317442 0.313287 0.0290156 0.0777648 0.487397 907
0 0.400023 0.31848 0.0629002 0.145055 0.650342 1537
0 0.774486 0.329249 0.0235054 0.063444 0.651916 1552
0 0.505355 0.278441 0.0395327 0.114709 0.546247 1562
0 0.438936 0.665597 0.0178747 0.0407434 0.736015 1359
0 0.905334 0.301146 0.165567 0.223673 0.788225 1632
0 0.794598 0.238732 0.021683 0.0577042 0.559892 1656
0 0.461349 0.268388 0.0181453 0.0527741 0.693965 1658
0 0.945586 0.415143 0.065225 0.120202 0.710702 1664
0 0.403369 0.895641 0.0177562 0.0605306 0.723025 1150
0 0.696147 0.183345 0.0518785 0.113606 0.533318 1129
0 0.824925 0.808529 0.0193088 0.0452111 0.684317 1691
0 0.377815 0.823115 0.023187 0.0828886 0.460577 1693
0 0.420871 0.624256 0.0247378 0.0675928 0.611112 1717
0 0.468258 0.745635 0.0230097 0.0816553 0.468018 1332
0 0.484765 0.811646 0.0198801 0.0634416 0.586056 710
0 0.869445 0.676376 0.0199165 0.057926 0.691549 1731
0 0.900294 0.790102 0.0162255 0.0493046 0.679273 1735
0 0.920079 0.730578 0.0172614 0.046949 0.692312 1738
0 0.758825 0.266125 0.0189046 0.0536874 0.71942 1739
0 0.895009 0.614632 0.0180986 0.0542282 0.711555 1743
0 0.951617 0.506486 0.0164061 0.0446422 0.759017 1744
0 0.982795 0.593404 0.0332465 0.0947616 0.403656 1745
0 0.398415 0.612205 0.0153481 0.0402999 0.499783 1756
0 0.814139 0.855013 0.0131563 0.0361972 0.368962 369
0 0.354621 0.517589 0.0242941 0.0855042 0.433815 1775
0 0.11047 0.565388 0.0657657 0.168221 0.649143 1779
0 0.820267 0.712933 0.0198373 0.0540646 0.515687 1781
0 0.376139 0.737427 0.0180571 0.0581335 0.394603 1783
0 0.851516 0.838072 0.0221891 0.0590683 0.669948 1799
0 0.655945 0.105378 0.113612 0.187446 0.808032 1817
0 0.793923 0.136181 0.0913376 0.17013 0.744317 1823
0 0.326521 0.489266 0.017123 0.0573274 0.609342 1826
0 0.823407 0.434606 0.0150117 0.0378899 0.577815 1357
0 0.16608 0.505875 0.0558568 0.168626 0.639551 1849
0 0.215014 0.328019 0.0177531 0.0534959 0.63723 1852
0 0.827069 0.760268 0.0152584 0.0346203 0.668881 1856
0 0.269742 0.30468 0.0215898 0.0703845 0.615789 1869
0 0.807101 0.772811 0.0154602 0.0454471 0.671028 883
0 0.323811 0.387567 0.0647207 0.0996983 0.740775 1308
0 0.227138 0.47321 0.0870741 0.156333 0.759094 874
0 0.573438 0.154801 0.0203883 0.0529604 0.658199 1895
0 0.328461 0.238438 0.0212943 0.0637323 0.566227 1896
0 0.467438 0.639836 0.0171791 0.0470566 0.691794 1897
0 0.794173 0.73609 0.0147648 0.0381721 0.739799 1912
0 0.436113 0.237962 0.0135746 0.0451238 0.386212 1923
0 0.274242 0.5699 0.0160743 0.0522884 0.577584 1415
0 0.883451 0.849598 0.0181122 0.0498773 0.732605 1563
0 0.968953 0.706789 0.0577803 0.111805 0.725002 1564
0 0.711396 0.100659 0.0195143 0.0482972 0.787411 1930
0 0.237244 0.265282 0.0210604 0.0644476 0.561545 1931
0 0.650317 0.197317 0.0203033 0.0554268 0.665725 1948
0 0.351154 0.252954 0.0146981 0.0484614 0.517004 1954
0 0.869875 0.11884 0.0567036 0.106482 0.535655 563
0 0.929173 0.925761 0.0133685 0.0411086 0.63827 1239
0 0.702089 0.687504 0.0210683 0.05732 0.641602 1959
0 0.314413 0.117669 0.0171372 0.0439701 0.640293 1961
0 0.229984 0.19437 0.0183614 0.0519809 0.643889 1964
0 0.538741 0.119703 0.0255681 0.0732037 0.662786 1966
0 0.264521 0.12853 0.0461704 0.0684886 0.674514 1978
0 0.988769 0.513976 0.0141991 0.0398343 0.529159 1989
0 0.222294 0.381568 0.0167265 0.0511756 0.620763 1990
0 0.200352 0.160759 0.0191404 0.0530757 0.719495 1993
0 0.478816 0.553017 0.0185576 0.0469465 0.558602 1994
0 0.827712 0.227884 0.0142531 0.0367798 0.419485 1997
0 0.110083 0.353973 0.0171259 0.0552262 0.544579 2001
0 0.281606 0.200985 0.0504114 0.078719 0.577807 2002
0 0.493224 0.19317 0.015226 0.039788 0.65987 2004
0 0.105937 0.423744 0.0401607 0.0778434 0.457317 2005
0 0.27706 0.369834 0.0170259 0.050456 0.518782 2006
0 0.0659908 0.530651 0.0142518 0.0448316 0.347163 2015
0 0.940022 0.588732 0.0422091 0.0983126 0.545629 2016
0 0.641401 0.566209 0.0647719 0.128686 0.459521 1144
0 0.723682 0.739467 0.0197418 0.052446 0.637061 879
0 0.289802 0.687195 0.0163495 0.0600847 0.534428 1056
0 0.568622 0.686843 0.023452 0.0508806 0.445676 1402
0 0.805789 0.334763 0.0214201 0.04354 0.306923 1767
0 0.24557 0.597067 0.024875 0.0593031 0.572304 1525
0 0.455004 0.913867 0.0162579 0.048556 0.58773 870
0 0.733925 0.853345 0.0362491 0.0635249 0.516665 2017
0 0.145511 0.373539 0.0147275 0.0514072 0.511183 2018
0 0.349797 0.0718019 0.132438 0.13286 0.554543 2021
0 0.536525 0.214442 0.020711 0.0459497 0.467424 2027
0 0.454063 0.469924 0.0396489 0.0860785 0.416054 2031
0 0.307944 0.0766353 0.0158736 0.0361835 0.558104 2033
0 0.853501 0.613422 0.0218494 0.0552486 0.704173 2036
0 0.516817 0.640628 0.0244812 0.0635462 0.656016 1348
0 0.671634 0.911851 0.0201218 0.0682939 0.674559 824
0 0.595552 0.533032 0.0194742 0.0597148 0.654336 1122
0 0.243257 0.844424 0.0254359 0.0681153 0.500731 1602
0 0.691326 0.125024 0.0152419 0.0374205 0.664098 1943
0 0.78265 0.89627 0.0150992 0.0419235 0.502491 230
0 0.704227 0.898452 0.013323 0.0422235 0.362769 1085
0 0.677204 0.62005 0.0127451 0.0344749 0.457187 871
0 0.432705 0.964885 0.0154713 0.0433819 0.59561 1848
0 0.850262 0.7187 0.0158989 0.0420255 0.627235 1758
0 0.614422 0.658853 0.0164314 0.0497359 0.429163 873
0 0.597178 0.648008 0.0156749 0.0406918 0.629927 1431
0 0.761831 0.808838 0.0166444 0.0370326 0.504911 1340
0 0.517726 0.723029 0.0510445 0.0928974 0.427443 994
0 0.384464 0.665648 0.0180217 0.0576633 0.497488 1934
0 0.640007 0.702884 0.0187591 0.0514791 0.463465 1950
0 0.463875 0.313464 0.0126042 0.0299248 0.306334 1770
