0 0.822761 0.64635 0.12491 0.197881 0.828829 1
0 0.292033 0.425563 0.0236914 0.0648954 0.552926 2
0 0.392452 0.881522 0.0180579 0.0592797 0.767871 4
0 0.945648 0.631093 0.0807698 0.20115 0.79219 5
0 0.456838 0.278839 0.0216923 0.0558034 0.737774 6
0 0.718122 0.585054 0.0177715 0.0354098 0.725156 7
0 0.368425 0.476597 0.0837806 0.193901 0.817642 8
0 0.693513 0.250474 0.0345609 0.0711123 0.651667 13
0 0.553023 0.540116 0.0178972 0.051957 0.558045 16
0 0.719002 0.510913 0.0207635 0.0606059 0.655428 18
0 0.76166 0.542922 0.0232597 0.0511955 0.692041 21
0 0.934949 0.766193 0.0287944 0.0539775 0.476796 23
0 0.639451 0.251644 0.0308355 0.0623012 0.644575 27
0 0.666036 0.569739 0.0159492 0.0512194 0.511499 29
0 0.570902 0.102365 0.0860363 0.15874 0.578452 31
0 0.215198 0.566643 0.0231399 0.0770608 0.667771 33
0 0.230837 0.65007 0.0564167 0.0994366 0.559405 38
0 0.340313 0.632523 0.0228666 0.07731 0.541629 44
0 0.716299 0.643724 0.0255353 0.0684956 0.540823 45
0 0.900562 0.524443 0.0181963 0.0419915 0.702585 47
0 0.509176 0.637726 0.0191807 0.0386357 0.504788 48
0 0.499234 0.532701 0.022594 0.0553376 0.52211 50
0 0.894461 0.459335 0.0240076 0.06676 0.643349 60
0 0.833579 0.438779 0.0920388 0.165941 0.811393 63
0 0.187718 0.643878 0.0174851 0.0646277 0.530713 64
0 0.347526 0.264194 0.0270206 0.071968 0.454028 68
0 0.270372 0.530659 0.0227256 0.0608114 0.573878 77
0 0.920469 0.365944 0.0484051 0.0824338 0.390906 80
0 0.72415 0.41869 0.0241376 0.0635592 0.619781 95
0 0.54631 0.446153 0.0273938 0.0630551 0.612791 98
0 0.658926 0.439955 0.0266428 0.0672071 0.528047 102
0 0.436985 0.709043 0.0326054 0.0945894 0.420883 109
0 0.474352 0.75778 0.0190432 0.0423862 0.335668 111
0 0.399482 0.206986 0.0711944 0.100796 0.81599 119
0 0.764883 0.349163 0.044612 0.0797369 0.518757 121
0 0.173136 0.273098 0.0915952 0.183587 0.800028 128
0 0.901805 0.80935 0.0152964 0.0459798 0.692992 154
0 0.277412 0.216797 0.113045 0.260543 0.626224 156
0 0.945639 0.446635 0.0446911 0.0794008 0.456024 163
0 0.488617 0.589896 0.0385577 0.0715454 0.442738 174
0 0.986727 0.666501 0.0258525 0.105076 0.547913 185
0 0.434482 0.585354 0.0295004 0.0693111 0.419943 189
0 0.909388 0.292188 0.018885 0.0448486 0.679377 219
0 0.898209 0.254373 0.0154063 0.033105 0.668439 230
0 0.985619 0.770216 0.0287618 0.100316 0.354327 234
0 0.290797 0.63881 0.0226242 0.0734996 0.414961 236
0 0.514956 0.740419 0.0387755 0.0968153 0.354744 19
0 0.141325 0.576129 0.0742321 0.109832 0.434399 71
0 0.641714 0.714524 0.0132911 0.0392183 0.375526 82
0 0.455007 0.83082 0.0220242 0.0823078 0.438777 243
0 0.897421 0.190067 0.0742083 0.0957623 0.67408 249
0 0.883859 0.327982 0.0188045 0.0404804 0.731725 260
0 0.617383 0.572852 0.0215867 0.056836 0.473812 113
0 0.0724903 0.73862 0.0129245 0.0480487 0.367451 131
0 0.834652 0.209986 0.0137059 0.032477 0.370268 269
0 0.920007 0.243612 0.0174679 0.0415593 0.695819 272
0 0.753033 0.0847384 0.157857 0.149243 0.729614 274
0 0.0961974 0.453828 0.0478568 0.0943514 0.404294 275
0 0.970575 0.360038 0.0173678 0.0471285 0.528381 294
0 0.631182 0.343587 0.0174969 0.0442625 0.664183 299
0 0.790514 0.151116 0.0220485 0.0522463 0.621189 302
0 0.0954373 0.716401 0.0203538 0.0785485 0.440278 126
0 0.27644 0.589706 0.0238752 0.0638013 0.530009 17
0 0.871011 0.904397 0.0239119 0.0538591 0.552073 32
0 0.967734 0.499646 0.0150867 0.0413457 0.588555 72
0 0.941118 0.27823 0.0151629 0.0389897 0.704179 312
0 0.324952 0.0707276 0.0172172 0.0503911 0.711623 327
0 0.370761 0.0524275 0.0564302 0.0918152 0.678194 329
0 0.204988 0.375957 0.0208802 0.0573488 0.665035 331
0 0.431411 0.0502121 0.0446384 0.0885381 0.571616 337
0 0.594975 0.626752 0.0228567 0.0431816 0.571474 344
0 0.501703 0.450048 0.036335 0.0914689 0.431944 58
0 0.592076 0.849775 0.0187735 0.0587517 0.40339 75
0 0.527113 0.401136 0.0238939 0.0670069 0.616214 89
0 0.32732 0.729674 0.0930438 0.171245 0.746508 46
0 0.83426 0.534833 0.0125591 0.040528 0.512624 84
0 0.7531 0.801803 0.0566813 0.0935246 0.451378 78
0 0.388008 0.695374 0.0246738 0.0652537 0.688296 364
0 0.944865 0.229137 0.0167812 0.0440633 0.662425 369
0 0.689894 0.456057 0.022215 0.0525932 0.711227 370
0 0.879142 0.516909 0.0159727 0.0434222 0.708468 373
0 0.927504 0.818639 0.0123932 0.0332132 0.523655 375
0 0.994801 0.544129 0.00981331 0.0353585 0.649575 376
0 0.540504 0.3075 0.0176937 0.0430675 0.662097 380
0 0.848375 0.120156 0.0562139 0.0946466 0.451715 386
0 0.760605 0.481207 0.0208326 0.058685 0.718849 387
0 0.94418 0.810597 0.011618 0.0312469 0.438253 388
0 0.65616 0.785268 0.0219619 0.0530865 0.552123 402
0 0.52869 0.355994 0.0220223 0.0434577 0.628334 54
0 0.662535 0.629873 0.0246893 0.0627278 0.489607 57
0 0.196584 0.756342 0.0318123 0.0822971 0.418202 34
0 0.764992 0.591451 0.0138013 0.0324308 0.649699 117
0 0.184411 0.447021 0.0200672 0.0571041 0.444377 204
0 0.938015 0.881716 0.0173785 0.0423593 0.684162 73
0 0.440561 0.459374 0.0247931 0.0595227 0.6737 83
0 0.486358 0.375491 0.0346687 0.0708151 0.606311 114
0 0.584427 0.352587 0.0659669 0.162434 0.728337 3
0 0.537638 0.643991 0.0252914 0.0495591 0.370325 104
0 0.664404 0.510019 0.0221352 0.04158 0.693444 127
0 0.694958 0.568444 0.0152618 0.0491333 0.673164 86
0 0.682966 0.838352 0.0219798 0.0638255 0.597639 123
0 0.249868 0.462678 0.021308 0.0588241 0.463933 265
0 0.858841 0.862925 0.0173276 0.0382469 0.547512 12
0 0.594642 0.67918 0.0151659 0.0300237 0.463961 30
0 0.71998 0.215285 0.0196403 0.0489815 0.756184 101
0 0.379279 0.266108 0.0201085 0.0487009 0.634459 170
0 0.863199 0.320021 0.0149722 0.030319 0.395508 228
0 0.732342 0.563148 0.0184025 0.0402124 0.755009 300
0 0.63051 0.544833 0.0189371 0.0361644 0.375734 42
0 0.679177 0.921431 0.0166164 0.0472735 0.410895 39
0 0.571613 0.791289 0.0130891 0.0375285 0.507995 108
