0 0.874411 0.494005 0.109791 0.183605 0.781764 1
0 0.281175 0.176478 0.0774288 0.111054 0.681955 2
0 0.434291 0.657047 0.0694377 0.179944 0.706313 4
0 0.962506 0.517382 0.0731944 0.202059 0.811759 5
0 0.464825 0.0935774 0.0637707 0.117743 0.735706 6
0 0.738381 0.391755 0.0184134 0.0513733 0.612094 7
0 0.377807 0.195043 0.0737171 0.114316 0.600326 8
0 0.462491 0.302293 0.0203313 0.0608373 0.356879 9
0 0.8609 0.705679 0.0231857 0.0604694 0.588344 12
0 0.740453 0.13884 0.0883434 0.140271 0.573854 13
0 0.636558 0.165707 0.0218379 0.0645313 0.696398 14
0 0.592847 0.34986 0.0910839 0.136459 0.768806 16
0 0.326754 0.298489 0.0205651 0.065462 0.647913 17
0 0.754747 0.331762 0.0208347 0.0606432 0.689078 18
0 0.779528 0.370511 0.022501 0.0603784 0.757888 21
0 0.978163 0.598442 0.0166087 0.0455574 0.64864 22
0 0.956758 0.652919 0.0225621 0.046565 0.673437 23
0 0.799166 0.772162 0.0191904 0.0433102 0.557294 24
0 0.948556 0.729791 0.0177454 0.047123 0.7472 26
0 0.666062 0.108299 0.0187923 0.0546892 0.796095 27
0 0.363415 0.287664 0.0169558 0.0646758 0.530529 28
0 0.69963 0.371198 0.0213655 0.0648174 0.658677 29
0 0.625898 0.559446 0.0499643 0.19193 0.314437 30
0 0.595584 0.0754646 0.13642 0.136595 0.771982 31
0 0.885463 0.718693 0.0196961 0.0495159 0.62963 32
0 0.24825 0.28155 0.0248537 0.0774166 0.613904 33
0 0.233617 0.596111 0.0193384 0.0593441 0.595952 34
0 0.748654 0.894479 0.0393157 0.0818108 0.515707 35
0 0.166807 0.479293 0.0422399 0.107453 0.424219 36
0 0.337299 0.584829 0.0275948 0.071987 0.56866 37
0 0.270964 0.371163 0.0564817 0.107026 0.628576 38
0 0.691277 0.854614 0.0238994 0.0659536 0.732898 39
0 0.909205 0.761742 0.0251294 0.0527412 0.534353 40
0 0.65794 0.362698 0.0296538 0.0699238 0.556099 42
0 0.148407 0.394816 0.0154006 0.050188 0.633117 43
0 0.37978 0.399421 0.0915152 0.186244 0.513943 44
0 0.804307 0.520637 0.0529645 0.122877 0.398103 45
0 0.950146 0.392055 0.0183362 0.0440946 0.624854 47
0 0.536731 0.417475 0.0149952 0.0531913 0.556721 48
0 0.517945 0.322095 0.0244613 0.0729685 0.583317 50
0 0.801229 0.839458 0.0434965 0.0857719 0.54268 51
0 0.939632 0.898592 0.0131456 0.038241 0.565122 52
0 0.379861 0.801868 0.0320519 0.0928725 0.456786 55
0 0.717027 0.566821 0.081354 0.23885 0.715402 56
0 0.802206 0.271081 0.0370432 0.0767151 0.429785 59
0 0.927006 0.334388 0.0221315 0.0639745 0.57601 60
0 0.859734 0.318954 0.104342 0.155918 0.803488 63
0 0.222621 0.382526 0.0207226 0.0832291 0.449441 64
0 0.267573 0.522597 0.0215109 0.077815 0.334907 65
0 0.350717 0.671027 0.0288576 0.0849643 0.62494 67
0 0.374154 0.067063 0.0244476 0.0704634 0.590226 68
0 0.784269 0.751805 0.0196323 0.0514079 0.53496 69
0 0.980298 0.382465 0.0146812 0.0403708 0.591778 72
0 0.967776 0.768332 0.0188985 0.0508447 0.522991 73
0 0.766866 0.0542633 0.0141243 0.0431792 0.627879 76
0 0.31477 0.244654 0.0197432 0.0588455 0.591823 77
0 0.82071 0.689853 0.021021 0.0590696 0.711132 78
0 0.18962 0.633475 0.03796 0.102614 0.450241 79
0 0.943732 0.24956 0.0358806 0.0720506 0.651634 80
0 0.681751 0.448959 0.0198077 0.0561203 0.531704 82
0 0.450087 0.244571 0.0181709 0.054311 0.750729 83
0 0.871151 0.382741 0.0125135 0.0373592 0.383241 84
0 0.104426 0.699915 0.0785094 0.263999 0.458985 85
0 0.711196 0.426268 0.0127311 0.0386243 0.356914 86
0 0.38387 0.613834 0.0309523 0.0954165 0.503325 91
0 0.853259 0.163964 0.063362 0.107956 0.519812 92
0 0.296304 0.551491 0.0156182 0.0442124 0.301424 94
0 0.724735 0.246765 0.0263479 0.0651145 0.554633 95
0 0.84387 0.619605 0.0232607 0.0582617 0.620714 96
0 0.930807 0.840233 0.0333216 0.0584425 0.724277 97
0 0.517586 0.208544 0.0965994 0.127122 0.780564 98
0 0.697039 0.0646113 0.0129968 0.037716 0.398419 101
0 0.685441 0.304874 0.0164076 0.0396354 0.615656 102
0 0.278503 0.661361 0.0448819 0.117296 0.339585 103
0 0.634432 0.493852 0.0289088 0.089573 0.446637 108
0 0.458694 0.436311 0.080577 0.176933 0.729229 109
0 0.518311 0.475797 0.0217406 0.0691355 0.695613 111
0 0.226614 0.488008 0.0239017 0.0952769 0.307745 112
0 0.425651 0.866669 0.0161877 0.0495834 0.515212 116
0 0.500448 0.714027 0.0250271 0.0812468 0.530539 119
0 0.785088 0.199068 0.0455185 0.085334 0.47195 121
0 0.56555 0.873541 0.0158527 0.0597065 0.5592 122
0 0.735411 0.708173 0.0299628 0.0649288 0.480144 123
0 0.201984 0.177071 0.0224111 0.0759145 0.697796 128
0 0.607269 0.75341 0.0200835 0.0490023 0.700612 129
0 0.10448 0.415429 0.0238104 0.0784572 0.696408 131
0 0.678896 0.248269 0.0281599 0.0682539 0.517831 139
0 0.637709 0.258431 0.0201145 0.0700981 0.498771 140
0 0.790013 0.628997 0.0428396 0.080566 0.423913 149
0 0.482969 0.888198 0.0143318 0.0399544 0.615136 20
0 0.923827 0.788842 0.0187878 0.0345574 0.602565 66
0 0.811701 0.975318 0.0190038 0.0436968 0.4569 90
0 0.260589 0.528359 0.0345215 0.0865827 0.498019 106
0 0.26401 0.692919 0.0837262 0.17973 0.590399 107
0 0.788655 0.439243 0.012668 0.0389865 0.419602 117
0 0.244264 0.892987 0.0154084 0.035518 0.574786 133
