0 0.576264 0.717315 0.031825 0.0854675 0.320349 274
0 0.638315 0.689343 0.0581056 0.106457 0.471334 386
0 0.812609 0.858238 0.0170521 0.0398823 0.506224 620
0 0.875482 0.710985 0.0261215 0.0660897 0.605468 811
0 0.692679 0.718056 0.0275161 0.0786263 0.63389 828
0 0.765358 0.599029 0.0209657 0.0636371 0.656982 865
0 0.644426 0.76199 0.0176267 0.049468 0.606004 886
0 0.785564 0.770338 0.0207999 0.0599693 0.7041 906
0 0.752852 0.480771 0.119903 0.214531 0.847823 174
0 0.431758 0.710762 0.0228995 0.078409 0.548891 1049
0 0.893697 0.498922 0.0658127 0.126666 0.703886 1065
0 0.446907 0.320606 0.0554285 0.110795 0.458035 480
0 0.49173 0.44112 0.0144228 0.0421371 0.563489 1143
0 0.710495 0.348263 0.0309189 0.0789302 0.574786 1153
0 0.608273 0.470295 0.0186548 0.059499 0.668465 1161
0 0.344007 0.651429 0.0639565 0.134943 0.730186 1195
0 0.635025 0.398846 0.0198272 0.0652549 0.699272 1198
0 0.849262 0.406061 0.0147424 0.0428688 0.484419 1205
0 0.514272 0.374215 0.0526979 0.0901927 0.544786 1247
0 0.548572 0.462203 0.0697321 0.121579 0.747725 93
0 0.744983 0.330729 0.0176915 0.0454434 0.575554 1254
0 0.236847 0.613002 0.081393 0.162206 0.674816 1255
0 0.625626 0.299789 0.100411 0.131541 0.767491 1258
0 0.38873 0.494352 0.0180981 0.0681379 0.580274 1264
0 0.531791 0.165537 0.0821162 0.105736 0.804385 1285
0 0.728089 0.28763 0.0164604 0.0336977 0.648487 1287
0 0.422739 0.462029 0.0347622 0.0881047 0.379658 1304
0 0.469522 0.399432 0.0204054 0.067875 0.443512 1312
0 0.561486 0.364391 0.0193513 0.0536874 0.55476 1334
0 0.304205 0.461562 0.0192898 0.0633633 0.536825 1393
0 0.901028 0.397849 0.0164331 0.0487064 0.699692 1414
0 0.659158 0.478834 0.0187934 0.0613756 0.571131 1420
0 0.751183 0.280896 0.0179497 0.0430997 0.698439 1428
0 0.384539 0.373738 0.020722 0.0700828 0.488554 1429
0 0.733682 0.237727 0.0215952 0.0550043 0.74225 1442
0 0.911836 0.631314 0.0249091 0.0642705 0.520086 1447
0 0.667653 0.544855 0.0247738 0.0643983 0.402659 1041
0 0.423687 0.634687 0.0226245 0.0639065 0.627228 1365
0 0.336699 0.554082 0.0157456 0.0552407 0.520339 1469
0 0.306543 0.537015 0.0192786 0.0656944 0.491005 1470
0 0.66574 0.357312 0.0209994 0.0541784 0.452705 1199
0 0.199654 0.801236 0.0201366 0.0740242 0.452619 1266
0 0.823207 0.500301 0.0617807 0.137068 0.570282 1032
0 0.810389 0.618842 0.0297341 0.0708182 0.494498 1514
0 0.56621 0.233589 0.0540937 0.107026 0.721844 1515
0 0.323149 0.261928 0.033026 0.071623 0.540736 907
0 0.405548 0.260231 0.067335 0.148327 0.722061 1537
0 0.792261 0.281225 0.0212607 0.0627193 0.729241 1552
0 0.233343 0.854553 0.0160057 0.0594649 0.668355 988
0 0.511781 0.226575 0.0451102 0.120676 0.535108 1562
0 0.362998 0.727104 0.0173441 0.0435968 0.300715 1567
0 0.448867 0.598125 0.0171018 0.0442157 0.628016 1359
0 0.903721 0.282831 0.132655 0.199558 0.764845 1632
0 0.805763 0.203494 0.0207764 0.0584132 0.606871 1656
0 0.467267 0.213105 0.018642 0.0514147 0.617134 1658
0 0.953858 0.373798 0.0666047 0.119731 0.673509 1664
0 0.413088 0.816756 0.0296701 0.0909448 0.632953 1150
0 0.706839 0.131348 0.0540823 0.107918 0.664406 1129
0 0.827153 0.766465 0.0203493 0.0478635 0.648513 1691
0 0.388537 0.755671 0.0238818 0.0766347 0.409329 1693
0 0.275987 0.68602 0.0158727 0.0525333 0.622036 1708
0 0.432749 0.549129 0.0269216 0.0740544 0.528357 1717
0 0.479512 0.677316 0.0260532 0.0762383 0.56983 1332
0 0.486609 0.765516 0.020717 0.0661607 0.472866 710
0 0.873287 0.622086 0.0208202 0.0666146 0.657456 1731
0 0.90185 0.749449 0.0182484 0.0512036 0.6371 1735
0 0.923693 0.692831 0.0207552 0.0538404 0.714273 1738
0 0.768492 0.223101 0.0179121 0.0471846 0.636289 1739
0 0.900559 0.573619 0.0196537 0.0519584 0.756202 1743
0 0.956904 0.472818 0.0174176 0.044676 0.754573 1744
0 0.978516 0.557918 0.0365755 0.0969831 0.395552 1745
0 0.406162 0.540937 0.0148934 0.0425452 0.456776 1756
0 0.811501 0.814026 0.0155418 0.0419309 0.70719 369
0 0.355157 0.46368 0.0419624 0.114225 0.423626 1775
0 0.967306 0.856484 0.0156519 0.0430509 0.525708 1778
0 0.122474 0.482107 0.0491436 0.133893 0.550544 1779
0 0.82745 0.667619 0.0227444 0.0527701 0.69892 1781
0 0.391515 0.674213 0.0201582 0.0551045 0.55727 1783
0 0.34781 0.763534 0.0182707 0.0578245 0.59561 1784
0 0.856771 0.799006 0.0295785 0.0694941 0.483108 1799
0 0.651837 0.0887942 0.100899 0.160068 0.763635 1817
0 0.796047 0.106512 0.0807377 0.143923 0.792976 1823
0 0.329998 0.423307 0.0170734 0.0533614 0.505261 1826
0 0.864921 0.189992 0.0137859 0.0411164 0.60965 1832
0 0.498309 0.727274 0.0200137 0.0594664 0.44287 1057
0 0.832077 0.395951 0.0139472 0.0329236 0.442836 1357
0 0.17367 0.425768 0.0501506 0.140751 0.645346 1849
0 0.212472 0.269668 0.016899 0.0513388 0.632154 1852
0 0.834927 0.716584 0.0150722 0.0347745 0.579414 1856
0 0.274455 0.247228 0.0205462 0.0645157 0.645909 1869
0 0.813346 0.727464 0.0188188 0.046245 0.727993 883
0 0.769472 0.735819 0.0183537 0.0443266 0.736575 1340
0 0.328128 0.331178 0.0602194 0.093744 0.711476 1308
0 0.231399 0.388466 0.0867155 0.168545 0.777263 874
0 0.534204 0.645876 0.0200019 0.0696304 0.46192 994
0 0.581532 0.104785 0.0201002 0.055336 0.711205 1895
0 0.333527 0.179586 0.0212305 0.0642005 0.641684 1896
0 0.478265 0.573773 0.0201245 0.0645414 0.609602 1897
0 0.834395 0.233823 0.0165148 0.0346611 0.690764 1901
0 0.0762302 0.689038 0.0205811 0.0738793 0.495112 1906
0 0.0745402 0.520768 0.0228993 0.0661654 0.454935 1912
0 0.443392 0.183603 0.0125175 0.0422534 0.399602 1923
0 0.2813 0.499016 0.0158233 0.0531286 0.567913 1415
0 0.897023 0.809186 0.0365015 0.0620407 0.54711 1563
0 0.972346 0.677435 0.0511596 0.118307 0.685972 1564
0 0.720436 0.0609977 0.0184259 0.0472926 0.728663 1930
0 0.239956 0.215973 0.0221871 0.0660363 0.578566 1931
0 0.397026 0.592729 0.0168397 0.0463144 0.586926 1934
0 0.661381 0.155742 0.019949 0.0534969 0.563738 1948
0 0.650728 0.610724 0.0148159 0.043744 0.649785 1950
0 0.352292 0.20076 0.013917 0.0404577 0.493392 1954
0 0.874059 0.0980812 0.0477348 0.0811314 0.573538 563
0 0.171156 0.772239 0.0119885 0.0461588 0.478645 1490
0 0.552695 0.600674 0.016846 0.0387775 0.376724 1336
0 0.933737 0.896347 0.0153465 0.0463062 0.691239 1239
0 0.310545 0.724858 0.0159803 0.054013 0.756315 830
0 0.714693 0.631318 0.024277 0.0513357 0.682793 1959
0 0.516544 0.071564 0.0130893 0.0390414 0.45403 1960
0 0.313675 0.065889 0.0162689 0.0513891 0.478787 1961
0 0.232884 0.140002 0.0185288 0.0608123 0.544709 1964
0 0.544512 0.0746991 0.0341221 0.0817211 0.511964 1966
0 0.267431 0.0813877 0.0486918 0.0786376 0.707714 1978
0 0.733803 0.885023 0.0186345 0.047041 0.510525 1412
0 0.55264 0.819821 0.012813 0.0363594 0.433586 806
0 0.382472 0.0330296 0.0834941 0.0660591 0.538068 302
0 0.682414 0.592092 0.0124151 0.0384711 0.300718 909
0 0.470172 0.262143 0.0117465 0.0318188 0.307485 1770
0 0.78105 0.928587 0.0135684 0.0388925 0.492407 861
0 0.652276 0.529244 0.0575949 0.0962102 0.344714 1144
0 0.579654 0.699532 0.0454082 0.129579 0.503079 1864
0 0.686103 0.835291 0.01697 0.0536652 0.390382 249
0 0.728488 0.731567 0.0151371 0.0400287 0.423919 879
0 0.301053 0.629908 0.0162203 0.0585432 0.652278 1056
0 0.577779 0.624 0.023785 0.066912 0.471453 1402
0 0.867083 0.866704 0.0119046 0.0332039 0.368614 76
0 0.819082 0.28476 0.0148585 0.0356216 0.302151 1767
0 0.252929 0.518454 0.0212835 0.0512147 0.300553 1525
0 0.457403 0.855307 0.0211975 0.0779418 0.427901 870
