0 0.837896 0.721263 0.0508942 0.0975061 0.632961 80
0 0.328624 0.194055 0.108769 0.207326 0.75407 260
0 0.604032 0.333028 0.103607 0.173264 0.844958 274
0 0.832935 0.647922 0.026753 0.0502808 0.421872 312
0 0.320749 0.592905 0.101193 0.177018 0.790598 329
0 0.693296 0.312131 0.0479949 0.107175 0.447857 386
0 0.64918 0.622977 0.0215343 0.0618238 0.558847 101
0 0.686283 0.611787 0.0207592 0.0546812 0.579701 456
0 0.409751 0.521388 0.026562 0.0603851 0.581929 514
0 0.494236 0.496954 0.100702 0.186564 0.812893 31
0 0.735738 0.607293 0.0509149 0.0770418 0.491687 269
0 0.52815 0.566553 0.058079 0.121065 0.608215 563
0 0.938167 0.704366 0.111322 0.162413 0.830975 594
0 0.554022 0.615203 0.0205569 0.0536305 0.683929 225
0 0.793444 0.548253 0.0224805 0.0587478 0.442667 272
0 0.764443 0.540233 0.0164518 0.0415303 0.678945 601
0 0.463367 0.717583 0.0157837 0.0485907 0.494827 603
0 0.186462 0.489128 0.101084 0.223376 0.778968 604
0 0.862517 0.559175 0.016758 0.0372912 0.646299 620
0 0.211171 0.84005 0.0209533 0.0635769 0.599893 624
0 0.46338 0.387931 0.0631014 0.107691 0.517667 625
0 0.399878 0.467914 0.0200532 0.048483 0.4835 630
0 0.507178 0.695277 0.0519915 0.115688 0.445227 14
0 0.800585 0.443101 0.0991609 0.132394 0.83723 249
0 0.875315 0.603049 0.0188387 0.0495894 0.434084 656
0 0.86156 0.655205 0.0150334 0.0374692 0.626796 674
0 0.470528 0.659965 0.0186243 0.0510316 0.595177 682
0 0.336438 0.381057 0.0602638 0.100735 0.660936 692
0 0.465233 0.796798 0.025006 0.0772546 0.504416 700
0 0.785449 0.637252 0.0507925 0.0886428 0.554529 219
0 0.36005 0.448164 0.0155737 0.0316705 0.602865 704
0 0.274269 0.463632 0.0181674 0.0493582 0.643604 709
0 0.543907 0.313086 0.0189105 0.0440756 0.697234 710
0 0.4002 0.41774 0.0202694 0.0396838 0.543398 711
0 0.333957 0.463774 0.019598 0.0510395 0.669489 712
0 0.292227 0.379262 0.0223502 0.0475089 0.372647 713
0 0.21732 0.665905 0.0351242 0.0910992 0.308395 715
0 0.477629 0.611383 0.0140038 0.0349985 0.422549 716
0 0.516925 0.342666 0.0211118 0.0561477 0.653118 717
0 0.696888 0.853707 0.0216511 0.0467646 0.584243 718
0 0.852824 0.456661 0.0164094 0.033954 0.600843 369
0 0.318556 0.770303 0.0881539 0.137737 0.46608 775
0 0.903098 0.594779 0.0154266 0.0409457 0.737303 780
0 0.41185 0.586561 0.0245484 0.0570703 0.40599 805
0 0.624778 0.459143 0.0918939 0.127521 0.75811 806
0 0.935031 0.426386 0.11873 0.237938 0.838402 811
0 0.718058 0.529332 0.0413039 0.0903657 0.522275 302
0 0.85327 0.828317 0.0244714 0.0530127 0.724322 467
0 0.251461 0.685486 0.0146369 0.0424757 0.344577 327
0 0.732054 0.445908 0.0202987 0.0543887 0.602783 824
0 0.58412 0.569771 0.0168395 0.0408825 0.742159 827
0 0.791931 0.303311 0.0434389 0.0818284 0.379817 828
0 0.261791 0.733471 0.0181195 0.0560937 0.582742 833
0 0.654235 0.528784 0.0523956 0.0967215 0.452698 847
0 0.838414 0.519919 0.0514085 0.0900343 0.490223 861
0 0.867535 0.305377 0.0393084 0.0732324 0.42132 865
0 0.562818 0.674109 0.0198194 0.0624766 0.647484 867
0 0.667202 0.690898 0.0259315 0.078382 0.53704 868
0 0.551518 0.733658 0.0147762 0.0447546 0.553867 869
0 0.491173 0.294361 0.0183851 0.0507996 0.761393 870
0 0.684266 0.229056 0.0194647 0.0464822 0.733351 873
0 0.657145 0.368249 0.0175071 0.0469033 0.703696 874
0 0.433902 0.244484 0.0902486 0.200272 0.789993 875
0 0.53446 0.245374 0.0238335 0.0618456 0.63095 877
0 0.823561 0.321464 0.0176653 0.0473444 0.669856 879
0 0.716761 0.37176 0.0408002 0.0834989 0.510765 886
0 0.621646 0.599395 0.015556 0.0361034 0.682842 888
0 0.591346 0.614692 0.0213371 0.050107 0.693027 901
0 0.265949 0.348085 0.0202453 0.0525624 0.685932 902
0 0.732409 0.265319 0.0169238 0.0386814 0.651945 909
0 0.699075 0.45991 0.0166712 0.0268556 0.479747 917
0 0.746045 0.655958 0.0135279 0.0347765 0.600697 648
0 0.702431 0.493329 0.017228 0.0279014 0.522437 943
0 0.372439 0.476898 0.0173178 0.0391157 0.634464 725
0 0.494767 0.241001 0.0138905 0.0392323 0.70037 945
0 0.94698 0.585146 0.0165456 0.0418903 0.460058 946
0 0.67123 0.578698 0.0166121 0.0408737 0.68246 950
0 0.661778 0.84217 0.0171608 0.0378814 0.400117 59
0 0.492803 0.644632 0.014391 0.041024 0.523737 768
0 0.550376 0.203126 0.0196358 0.0341652 0.560356 968
0 0.87193 0.365101 0.0138303 0.0389818 0.551463 906
0 0.265726 0.27304 0.0560422 0.0944204 0.715336 988
0 0.591628 0.200613 0.0266551 0.0693946 0.560339 994
0 0.605965 0.665532 0.0190245 0.0474291 0.565532 1001
0 0.728633 0.220222 0.0134069 0.0279718 0.533916 1002
0 0.810978 0.150966 0.115226 0.204559 0.837714 174
0 0.0988338 0.440833 0.081329 0.189928 0.73023 1027
0 0.848136 0.227009 0.0673003 0.0975616 0.715439 1032
0 0.718951 0.177356 0.0389294 0.0605835 0.342269 1041
0 0.504294 0.172084 0.0312614 0.0726053 0.497746 1049
0 0.611376 0.565929 0.0157754 0.0383911 0.690841 1053
0 0.367497 0.419112 0.0141286 0.0241463 0.572313 1055
0 0.166722 0.358319 0.0175386 0.0476683 0.648774 1056
0 0.563827 0.26844 0.0174839 0.0472635 0.694806 1057
0 0.820035 0.58771 0.0152171 0.039542 0.749216 1064
0 0.919046 0.239818 0.0438499 0.0724353 0.406751 1065
0 0.19699 0.311864 0.0190779 0.0522755 0.709218 1066
0 0.961508 0.54936 0.0175071 0.0448186 0.610043 1068
0 0.217134 0.199701 0.0616758 0.143796 0.742967 1087
0 0.163064 0.299461 0.0179403 0.0515379 0.719668 1119
0 0.672746 0.1312 0.0339906 0.0652687 0.630684 1122
0 0.471719 0.0255309 0.0282348 0.0471658 0.464382 480
0 0.879222 0.931695 0.0231447 0.0494105 0.708603 47
0 0.627474 0.710805 0.0173883 0.0510945 0.645282 1138
0 0.480678 0.121075 0.0188409 0.047529 0.647848 1143
0 0.675369 0.192722 0.0142277 0.0288857 0.340495 1144
0 0.743413 0.0727067 0.0238213 0.0646467 0.565403 1153
0 0.591428 0.852499 0.0227501 0.0653614 0.439801 451
0 0.635709 0.0836158 0.017993 0.0490132 0.751559 1161
0 0.607858 0.146952 0.0296324 0.0647352 0.381607 1186
0 0.515196 0.782951 0.0229561 0.0658127 0.768528 27
0 0.309529 0.104939 0.098341 0.165778 0.819238 1195
0 0.676868 0.0649944 0.0187112 0.0491461 0.76101 1198
0 0.701681 0.0643566 0.0140371 0.0442041 0.584773 1199
0 0.254334 0.401809 0.0165975 0.0458371 0.496222 1200
0 0.181549 0.266767 0.0152666 0.0323468 0.574475 1202
0 0.130899 0.292307 0.0190812 0.0598291 0.469131 1203
0 0.755611 0.373932 0.0155485 0.0422151 0.685022 1204
0 0.890667 0.168852 0.0141151 0.0396286 0.691408 1205
0 0.311795 0.349476 0.0160775 0.0373675 0.581525 830
0 0.737989 0.728397 0.0289354 0.0622151 0.473928 1215
0 0.172749 0.219445 0.0197524 0.0710805 0.545732 1221
0 0.678864 0.813818 0.0143949 0.0366698 0.370072 948
0 0.696046 0.907449 0.0183397 0.0473729 0.45756 63
0 0.741885 0.553469 0.0142384 0.0277574 0.692568 884
0 0.731087 0.883341 0.0323579 0.062458 0.646604 121
0 0.99402 0.599035 0.0118263 0.0530227 0.662263 1239
0 0.715484 0.70601 0.0164442 0.0360348 0.755952 1245
0 0.539882 0.0423797 0.0553473 0.0748813 0.687416 1247
0 0.569097 0.0805934 0.0717562 0.0984726 0.763932 93
0 0.889037 0.562147 0.0133497 0.0301843 0.347843 1129
0 0.389469 0.574457 0.0154103 0.0421349 0.508193 337
0 0.702405 0.725667 0.0163239 0.0352895 0.551594 1045
0 0.772502 0.0627413 0.0156657 0.0398859 0.731878 1254
0 0.263613 0.0805299 0.0222179 0.0582393 0.460818 1255
0 0.573751 0.527909 0.0137489 0.0365619 0.558333 1256
0 0.628324 0.0245121 0.0575917 0.0418089 0.595113 1258
0 0.392338 0.0769738 0.0159088 0.0442434 0.509058 1264
0 0.261801 0.195498 0.0123448 0.0341386 0.394153 1266
0 0.417366 0.0413463 0.0185054 0.0497775 0.62285 1267
0 0.769657 0.721088 0.0175993 0.0364291 0.745073 60
0 0.36848 0.103639 0.0180278 0.0511477 0.737846 1277
0 0.0918189 0.60012 0.0170508 0.0587129 0.614136 1281
0 0.781293 0.884068 0.0202576 0.0541505 0.690886 1282
0 0.727036 0.0279982 0.0152979 0.033022 0.641266 1285
0 0.752849 0.0286108 0.0140916 0.0324151 0.694901 1287
0 0.71995 0.0662886 0.0159726 0.0362843 0.403578 1293
0 0.705869 0.432753 0.0136571 0.0266808 0.513629 1296
0 0.367427 0.899485 0.0199509 0.0520259 0.691151 477
0 0.154131 0.686042 0.0117836 0.0383346 0.421081 1025
0 0.569981 0.780348 0.0290505 0.0886213 0.469022 13
0 0.894991 0.848958 0.0201786 0.0468784 0.581859 1300
0 0.764137 0.764314 0.0147132 0.029135 0.561193 1301
0 0.43524 0.0936094 0.0420244 0.080493 0.596054 1304
0 0.52958 0.29366 0.0150351 0.0279774 0.473784 1308
0 0.992611 0.488312 0.0137884 0.0432771 0.377992 1311
0 0.484032 0.0539894 0.0301256 0.0623363 0.388802 1312
0 0.795347 0.703789 0.0171392 0.0372269 0.662303 999
0 0.379383 0.398478 0.0119639 0.0248519 0.319694 1174
0 0.761461 0.693345 0.0132301 0.0279672 0.317792 228
0 0.53502 0.362572 0.0128094 0.0320691 0.481122 1220
0 0.84883 0.903537 0.0191274 0.0485416 0.674807 553
0 0.752744 0.925462 0.0142907 0.0373502 0.349207 373
0 0.124133 0.629516 0.0218339 0.068791 0.451731 790
0 0.349067 0.868278 0.0157066 0.0379942 0.32618 54
0 0.638888 0.840175 0.0175238 0.0456121 0.741549 582
0 0.396849 0.250816 0.0200908 0.0654142 0.325356 1226
0 0.5049 0.83574 0.0161139 0.0394194 0.586452 1059
