0 0.771473 0.827035 0.0321645 0.0575706 0.530184 1
0 0.410211 0.623745 0.0164038 0.0341433 0.707973 6
0 0.613851 0.519562 0.047769 0.0627226 0.495883 13
0 0.630097 0.895687 0.0192725 0.0487664 0.404706 18
0 0.686467 0.89651 0.0171658 0.0480935 0.746817 21
0 0.813613 0.680992 0.0229691 0.0584294 0.775333 60
0 0.723538 0.745853 0.103009 0.159444 0.812974 63
0 0.854032 0.602554 0.0499656 0.0878082 0.649243 80
0 0.64227 0.737195 0.0349897 0.0763815 0.351343 95
0 0.384272 0.184485 0.0392787 0.0536501 0.663476 98
0 0.566067 0.761381 0.0198023 0.0419831 0.739138 102
0 0.914704 0.89991 0.0186679 0.0402958 0.814826 163
0 0.968073 0.761221 0.0617068 0.096163 0.61769 185
0 0.347994 0.584121 0.0778674 0.124894 0.741602 189
0 0.815115 0.584691 0.0310142 0.0602857 0.315084 260
0 0.632936 0.166199 0.0942023 0.151844 0.817221 274
0 0.571046 0.630615 0.0242018 0.0535598 0.575573 299
0 0.86091 0.517388 0.0199812 0.0541521 0.698526 312
0 0.328756 0.328065 0.0630426 0.14307 0.711146 329
0 0.398708 0.326328 0.0575679 0.109633 0.707008 337
0 0.602352 0.772483 0.0204437 0.0452072 0.69089 370
0 0.453004 0.665909 0.0201589 0.0313714 0.647268 380
0 0.715958 0.168567 0.0517034 0.0886227 0.599937 386
0 0.453454 0.71133 0.0181517 0.0405756 0.670301 54
0 0.509298 0.704869 0.071132 0.154021 0.758815 3
0 0.678266 0.466642 0.0240202 0.0677467 0.653783 101
0 0.587291 0.583854 0.0175 0.0432309 0.695313 448
0 0.570953 0.70387 0.0215647 0.0492663 0.418161 455
0 0.716087 0.440711 0.0189827 0.0480663 0.625897 456
0 0.380943 0.681143 0.0524922 0.0892957 0.46874 465
0 0.107955 0.564424 0.0377566 0.0746015 0.538873 480
0 0.538772 0.780825 0.0203083 0.0482721 0.752653 140
0 0.737807 0.578912 0.0689132 0.107788 0.753458 92
0 0.5516 0.833416 0.0229416 0.0578178 0.576809 139
0 0.443593 0.28539 0.020579 0.0493523 0.683928 514
0 0.796584 0.452764 0.0175298 0.0447151 0.732341 521
0 0.626855 0.629911 0.0538733 0.11757 0.727339 523
0 0.536021 0.266086 0.0828541 0.158928 0.746805 31
0 0.758096 0.455203 0.0340143 0.0635385 0.400231 269
0 0.381857 0.748105 0.0147448 0.0470746 0.320102 556
0 0.437784 0.480119 0.0734504 0.197073 0.787782 562
0 0.57163 0.338952 0.0595649 0.104908 0.612365 563
0 0.686489 0.577425 0.0169527 0.0356661 0.625107 582
0 0.949959 0.576974 0.0964785 0.16095 0.80781 594
0 0.58806 0.39706 0.0232689 0.0534933 0.528694 225
0 0.824318 0.412661 0.0210194 0.0580386 0.758511 272
0 0.474128 0.581822 0.0179752 0.0473453 0.753343 600
0 0.794494 0.395931 0.0163528 0.0412465 0.73295 601
0 0.500228 0.469965 0.0209806 0.0453047 0.605629 603
0 0.20608 0.265688 0.0988207 0.215687 0.732987 604
0 0.888732 0.427825 0.0156275 0.0347022 0.74192 620
0 0.257415 0.476498 0.0217821 0.0543794 0.609454 624
0 0.482267 0.178158 0.0558413 0.116053 0.717359 625
0 0.48965 0.411468 0.0169308 0.0560262 0.546334 627
0 0.178704 0.610704 0.0559838 0.126492 0.602527 628
0 0.436268 0.23374 0.017341 0.0449102 0.703614 630
0 0.544547 0.458129 0.0495424 0.0965759 0.608822 14
0 0.833508 0.299831 0.0970266 0.12384 0.830198 249
0 0.898116 0.467463 0.0197604 0.0422455 0.752104 656
0 0.142905 0.448422 0.0176929 0.0543913 0.67069 670
0 0.222603 0.528979 0.0275402 0.0713289 0.315465 673
0 0.89131 0.519466 0.0160469 0.0416143 0.766541 674
0 0.0887409 0.49756 0.023254 0.0648263 0.553619 675
0 0.511033 0.420886 0.0202668 0.0366882 0.556308 682
0 0.152024 0.522397 0.04493 0.0947051 0.715599 687
0 0.15762 0.765984 0.0171529 0.0521123 0.657999 691
0 0.364581 0.155076 0.0478714 0.0846603 0.386115 692
0 0.508143 0.544649 0.0251778 0.0826225 0.489701 700
0 0.229667 0.708609 0.0159256 0.0554033 0.695537 221
0 0.820867 0.499039 0.0301258 0.0608184 0.450851 219
0 0.282359 0.62468 0.0446387 0.0855538 0.315681 476
0 0.413499 0.73263 0.0179663 0.0575143 0.405381 534
0 0.384276 0.223238 0.0148363 0.0311429 0.723983 704
0 0.292589 0.221581 0.016262 0.0463759 0.658846 709
0 0.570418 0.148145 0.0173829 0.0437026 0.662242 710
0 0.428762 0.18479 0.0188512 0.0453655 0.539577 711
0 0.369448 0.255367 0.0163165 0.0390046 0.73683 712
0 0.310914 0.165951 0.0338851 0.0853196 0.53695 713
0 0.238179 0.388557 0.0251212 0.0526087 0.579689 715
0 0.522802 0.36511 0.0148064 0.0319399 0.625008 716
0 0.529145 0.151741 0.0168556 0.0414244 0.599891 717
0 0.690966 0.639571 0.0163277 0.0273177 0.572053 718
0 0.209605 0.439326 0.0206625 0.0589 0.611106 729
0 0.411573 0.406071 0.0154056 0.0396048 0.670405 732
0 0.272028 0.539225 0.0255169 0.0695785 0.516387 733
0 0.233093 0.599904 0.0167244 0.0469338 0.679844 765
0 0.879139 0.329241 0.0152538 0.0342386 0.657679 369
0 0.788467 0.761659 0.0194342 0.0503301 0.652173 373
0 0.360155 0.457778 0.061095 0.105928 0.633095 775
0 0.117753 0.637037 0.0177534 0.0630624 0.41109 776
0 0.916765 0.494273 0.0171565 0.0400479 0.713085 780
0 0.898914 0.644126 0.0235517 0.0496743 0.661401 785
0 0.194912 0.735036 0.0236702 0.0752647 0.519051 786
0 0.61997 0.824617 0.0239251 0.0711051 0.539252 789
0 0.536521 0.927011 0.0135623 0.0451541 0.663206 800
0 0.462362 0.333802 0.0308849 0.060212 0.451791 805
0 0.647184 0.288501 0.0659178 0.105158 0.585397 806
0 0.0479415 0.618249 0.0159184 0.0558632 0.674495 807
0 0.948686 0.333908 0.0952003 0.197876 0.790281 811
0 0.190877 0.518255 0.0146362 0.047686 0.634329 819
0 0.745767 0.376506 0.0461575 0.0707683 0.539176 302
0 0.933067 0.664421 0.0135857 0.0358559 0.534614 72
0 0.882471 0.693464 0.0212891 0.0545235 0.690678 467
0 0.566453 0.859115 0.0181434 0.0429727 0.405149 105
0 0.390397 0.615887 0.0170858 0.0349279 0.655114 477
0 0.288897 0.390287 0.0134183 0.0341126 0.475591 327
0 0.79079 0.544264 0.0146707 0.0393349 0.697807 228
0 0.761779 0.305158 0.0204826 0.0532878 0.732232 824
0 0.621287 0.392521 0.017758 0.0354551 0.722903 827
0 0.815706 0.193835 0.0286465 0.0655407 0.441713 828
0 0.116041 0.321512 0.0597246 0.103717 0.657335 829
0 0.435242 0.626706 0.0167233 0.0417579 0.632309 832
0 0.299485 0.433623 0.0235501 0.0568932 0.619437 833
0 0.839788 0.560143 0.0141199 0.029545 0.489491 840
0 0.686127 0.353817 0.0424229 0.0841351 0.527206 847
0 0.16874 0.45005 0.014077 0.036061 0.492234 850
0 0.288303 0.488061 0.0164942 0.0366518 0.656929 852
0 0.150327 0.669392 0.0144912 0.0505925 0.400978 854
0 0.459628 0.619545 0.0285215 0.0504675 0.413466 855
0 0.865827 0.384295 0.0483444 0.081345 0.429607 861
0 0.957643 0.853201 0.0147575 0.0386576 0.593653 234
0 0.889113 0.193275 0.0267907 0.0607157 0.393995 865
0 0.608967 0.452272 0.0204856 0.0505251 0.651243 867
0 0.705517 0.519655 0.0340551 0.0706878 0.481385 868
0 0.579769 0.487026 0.0158282 0.0321505 0.745267 869
0 0.516591 0.105435 0.0183477 0.0472056 0.553351 870
0 0.728868 0.0974274 0.0137402 0.0391638 0.734398 871
0 0.706421 0.0889524 0.0193503 0.0469838 0.713572 873
0 0.678718 0.216267 0.0175468 0.0447386 0.713721 874
0 0.450804 0.0707611 0.0933039 0.132924 0.825691 875
0 0.556324 0.0960113 0.0263721 0.0678022 0.478434 877
0 0.854253 0.207764 0.0143121 0.0409571 0.683288 879
0 0.737476 0.234329 0.0388653 0.0694504 0.616237 886
0 0.348186 0.234633 0.019348 0.0412019 0.496024 887
0 0.660651 0.428785 0.0161114 0.0390951 0.716233 888
0 0.639262 0.423119 0.019046 0.0370193 0.691 901
0 0.290114 0.13966 0.0142753 0.0363412 0.363987 902
0 0.938065 0.893652 0.0140819 0.0340231 0.512797 905
0 0.309475 0.475746 0.0155535 0.035464 0.695643 907
0 0.751737 0.142592 0.0146426 0.037078 0.64743 909
0 0.565849 0.50492 0.0140314 0.0244139 0.492097 912
0 0.728809 0.309122 0.0162427 0.0284486 0.57598 917
0 0.390854 0.408262 0.0122142 0.0332536 0.453461 919
0 0.775215 0.497182 0.0141988 0.0391369 0.456377 648
0 0.356381 0.37768 0.012599 0.0410989 0.645464 744
0 0.728919 0.530358 0.015864 0.0401535 0.768011 921
0 0.779797 0.379289 0.0131104 0.0257861 0.473229 934
0 0.731776 0.34221 0.0145023 0.0264002 0.555333 943
0 0.403529 0.227195 0.0154388 0.0329021 0.626712 725
0 0.740552 0.833515 0.0178604 0.0472865 0.684698 84
0 0.511538 0.0601419 0.0143633 0.0370839 0.535564 945
0 0.980668 0.464347 0.0157378 0.0384277 0.533785 946
0 0.676745 0.615342 0.0164355 0.0297016 0.481287 948
0 0.703966 0.405048 0.0148889 0.0355996 0.700612 950
0 0.679589 0.66836 0.0201543 0.0413896 0.642719 59
0 0.241738 0.645624 0.0171952 0.0441975 0.687824 681
0 0.534271 0.400468 0.0141418 0.0336804 0.699648 768
0 0.267051 0.148761 0.0142579 0.0380396 0.696504 965
0 0.567947 0.0511022 0.0149269 0.0326483 0.505903 968
0 0.0652332 0.537189 0.0150917 0.0472935 0.532404 972
0 0.225852 0.471459 0.0137709 0.031402 0.448191 973
0 0.889664 0.618265 0.0152959 0.0319094 0.41885 983
0 0.162662 0.405546 0.0151633 0.0409423 0.634149 790
0 0.906413 0.236651 0.0127779 0.0367325 0.50202 906
0 0.283019 0.0763136 0.0584737 0.095658 0.732838 988
0 0.301657 0.770344 0.0211039 0.0643688 0.744263 990
0 0.622461 0.045498 0.0550661 0.0836294 0.557014 994
0 0.828935 0.540985 0.013739 0.0215106 0.519904 999
0 0.637602 0.472258 0.0170772 0.0439943 0.661203 1001
0 0.747928 0.0946931 0.0132069 0.0319774 0.456467 1002
0 0.395874 0.584394 0.0112411 0.0240862 0.465444 1005
0 0.352595 0.226592 0.0228662 0.046033 0.516959 1008
0 0.866399 0.744314 0.070327 0.131093 0.648376 47
0 0.821941 0.082937 0.0804116 0.135791 0.535857 174
0 0.4568 0.593111 0.0170185 0.0279133 0.354693 539
0 0.323616 0.791292 0.0176717 0.0468498 0.770563 758
0 0.768892 0.404169 0.0129453 0.0269859 0.566668 884
0 0.242955 0.352592 0.0150778 0.0304965 0.396106 837
0 0.84693 0.941576 0.0161523 0.0358514 0.556523 23
0 0.445262 0.761714 0.0198649 0.0556835 0.657412 89
0 0.579482 0.852263 0.0195124 0.0485147 0.489106 127
