0 0.775115 0.792601 0.0409832 0.0774754 0.811091 1
0 0.413003 0.59926 0.0173033 0.0403043 0.687036 6
0 0.622867 0.488142 0.0530093 0.0656966 0.554488 13
0 0.499862 0.89354 0.0178008 0.0519222 0.755883 16
0 0.635032 0.854748 0.0269262 0.0609566 0.710384 18
0 0.688852 0.856026 0.0199802 0.061068 0.746782 21
0 0.821065 0.661671 0.0289033 0.0697434 0.529759 60
0 0.732659 0.709407 0.109189 0.153651 0.803114 63
0 0.313386 0.637057 0.0140813 0.0393775 0.463423 68
0 0.859401 0.579063 0.0573885 0.0873977 0.564799 80
0 0.650511 0.698541 0.0277385 0.0795203 0.440317 95
0 0.459178 0.771705 0.0174229 0.0358127 0.652452 98
0 0.575832 0.733365 0.0181622 0.0446516 0.62746 102
0 0.91623 0.89236 0.0173564 0.0370847 0.806948 163
0 0.97154 0.751526 0.0566253 0.103645 0.499805 185
0 0.353503 0.541314 0.0811698 0.121825 0.691426 189
0 0.824635 0.559646 0.0223385 0.0525889 0.55352 260
0 0.639908 0.139616 0.095969 0.150844 0.81951 274
0 0.576552 0.598044 0.0235304 0.0542031 0.688841 299
0 0.867164 0.49395 0.0206203 0.0550043 0.625798 312
0 0.334335 0.298442 0.0686032 0.143944 0.607004 329
0 0.405648 0.292023 0.0558442 0.103593 0.735421 337
0 0.446461 0.843287 0.0160588 0.047284 0.678024 58
0 0.459199 0.728069 0.0194191 0.0342367 0.697044 89
0 0.608287 0.736407 0.0184988 0.0490889 0.748232 370
0 0.456121 0.643378 0.0203335 0.0369757 0.645585 380
0 0.721861 0.142361 0.0493371 0.0844178 0.54352 386
0 0.453406 0.689693 0.0204162 0.0385235 0.557353 54
0 0.51216 0.671397 0.0696851 0.144555 0.76341 3
0 0.586016 0.833462 0.0243246 0.0481217 0.550796 127
0 0.682666 0.439988 0.0288153 0.071086 0.634273 101
0 0.59455 0.551089 0.0179147 0.0440116 0.745051 448
0 0.574255 0.673043 0.0221434 0.0548021 0.409206 455
0 0.723183 0.417432 0.0196201 0.0518434 0.694302 456
0 0.364776 0.646855 0.0573806 0.0992382 0.537792 465
0 0.113044 0.503695 0.0292495 0.065587 0.455298 480
0 0.548518 0.739389 0.0183625 0.0479263 0.792118 140
0 0.744071 0.55374 0.068093 0.108446 0.749849 92
0 0.558458 0.789758 0.0218885 0.054568 0.541497 139
0 0.449898 0.255454 0.0213915 0.0493005 0.677303 514
0 0.802156 0.430851 0.0175002 0.0438973 0.738718 521
0 0.630841 0.598888 0.0508533 0.118252 0.711705 523
0 0.541401 0.23499 0.0858773 0.155883 0.794978 31
0 0.766807 0.43371 0.0277919 0.0617661 0.512694 269
0 0.391535 0.692477 0.0236233 0.055475 0.760462 556
0 0.444423 0.449873 0.0707734 0.202601 0.79803 562
0 0.576897 0.307141 0.0600437 0.101984 0.695678 563
0 0.692878 0.548036 0.0172122 0.036015 0.647219 582
0 0.954982 0.555585 0.0866476 0.171562 0.816611 594
0 0.595103 0.367814 0.02236 0.0555415 0.690361 225
0 0.555593 0.521417 0.047608 0.0837628 0.42996 27
0 0.829705 0.392457 0.0216744 0.0564754 0.681378 272
0 0.480054 0.552943 0.0194519 0.0473091 0.70862 600
0 0.79995 0.372911 0.0163172 0.0427798 0.653636 601
0 0.505371 0.441082 0.0224028 0.0454585 0.571596 603
0 0.208289 0.226879 0.103335 0.212856 0.744338 604
0 0.893936 0.405283 0.0173703 0.0387683 0.737642 620
0 0.263775 0.435865 0.0234854 0.0552743 0.599044 624
0 0.488634 0.150749 0.056179 0.114404 0.718208 625
0 0.495954 0.3816 0.018323 0.0628153 0.519394 627
0 0.191057 0.570484 0.0532843 0.115909 0.621373 628
0 0.441823 0.203871 0.0171756 0.0436242 0.697338 630
0 0.548827 0.425028 0.0493468 0.0948925 0.636879 14
0 0.840728 0.27376 0.100085 0.12198 0.806412 249
0 0.903869 0.443327 0.0197562 0.043013 0.751535 656
0 0.141285 0.411404 0.0181372 0.0555355 0.647065 670
0 0.226607 0.489625 0.034791 0.0765755 0.423401 673
0 0.898374 0.496678 0.0165527 0.0425919 0.727105 674
0 0.078846 0.4469 0.0229612 0.0604283 0.581075 675
0 0.517329 0.39113 0.0188673 0.0373609 0.559243 682
0 0.159439 0.475945 0.0430715 0.09366 0.609894 687
0 0.166821 0.702689 0.0211259 0.0658138 0.623035 691
0 0.37143 0.123654 0.0380869 0.0742184 0.454572 692
0 0.514123 0.515237 0.0233243 0.0777098 0.445204 700
0 0.235788 0.662553 0.0174541 0.0555925 0.692636 221
0 0.820513 0.476567 0.0398753 0.0626194 0.456774 219
0 0.292166 0.581341 0.0307834 0.0736217 0.36633 476
0 0.42718 0.675875 0.0167745 0.0292739 0.395773 534
0 0.392127 0.181265 0.0168989 0.0442497 0.628972 704
0 0.295534 0.191327 0.0166163 0.0433846 0.613963 709
0 0.575882 0.121937 0.0179034 0.0446305 0.645948 710
0 0.433869 0.155685 0.0192718 0.0423969 0.636775 711
0 0.375011 0.219278 0.0162237 0.0410313 0.72455 712
0 0.310381 0.146355 0.0273019 0.0677905 0.518315 713
0 0.244715 0.352159 0.0228802 0.0512827 0.491638 715
0 0.528858 0.336016 0.0138405 0.030746 0.6537 716
0 0.534097 0.124331 0.0171709 0.0460104 0.695749 717
0 0.693409 0.608764 0.0178934 0.027636 0.624837 718
0 0.2569 0.755852 0.0227627 0.071868 0.478318 724
0 0.214823 0.397524 0.0205527 0.0604637 0.596026 729
0 0.421697 0.370409 0.0143663 0.0396388 0.60911 732
0 0.277745 0.500429 0.0277791 0.0712602 0.537336 733
0 0.239003 0.557185 0.0162028 0.0446993 0.672329 765
0 0.884544 0.304108 0.0143793 0.0337643 0.552445 369
0 0.80474 0.742075 0.0184303 0.0440089 0.757158 373
0 0.0763874 0.684912 0.0286426 0.0704641 0.31885 464
0 0.368312 0.420196 0.0585487 0.104693 0.514956 775
0 0.124832 0.573194 0.0187516 0.066042 0.535023 776
0 0.922064 0.472321 0.0174342 0.0396882 0.732908 780
0 0.979097 0.664999 0.0233916 0.0450032 0.644047 784
0 0.904743 0.624822 0.0243619 0.0469693 0.642719 785
0 0.203555 0.677237 0.0224951 0.0839604 0.450319 786
0 0.624708 0.795649 0.0249764 0.0822828 0.587935 789
0 0.536161 0.883942 0.0161439 0.0505963 0.770185 800
0 0.468198 0.304906 0.0300812 0.0600919 0.382246 805
0 0.655367 0.263079 0.0651533 0.10627 0.530999 806
0 0.064962 0.581253 0.0534106 0.132389 0.599044 807
0 0.951413 0.316674 0.0888303 0.198907 0.795637 811
0 0.196248 0.475727 0.0127406 0.0421439 0.454963 819
0 0.752686 0.349071 0.0443371 0.0726132 0.453387 302
0 0.940795 0.641416 0.0131876 0.0367548 0.647759 72
0 0.889976 0.677765 0.0224948 0.0626364 0.450193 467
0 0.57921 0.786894 0.0195526 0.0443925 0.365788 105
0 0.393342 0.585116 0.0158528 0.0383655 0.707975 477
0 0.295313 0.352869 0.0121017 0.0349093 0.487195 327
0 0.680731 0.571784 0.0159339 0.0453144 0.778111 44
0 0.797375 0.521873 0.0151663 0.0420432 0.657849 228
0 0.767831 0.280542 0.0197377 0.053103 0.65708 824
0 0.627523 0.365151 0.0169147 0.0325825 0.738093 827
0 0.822897 0.165058 0.0267178 0.0629629 0.496983 828
0 0.122281 0.288009 0.0553085 0.0936832 0.799688 829
0 0.335768 0.114738 0.0141707 0.038165 0.427207 830
0 0.441507 0.591923 0.019903 0.0520369 0.582038 832
0 0.305526 0.396025 0.0227244 0.0580714 0.651858 833
0 0.843536 0.530548 0.0134268 0.0265853 0.571619 840
0 0.362807 0.0337691 0.0749035 0.0675382 0.826834 845
0 0.692931 0.327365 0.0417158 0.0723561 0.49993 847
0 0.169142 0.405077 0.0183075 0.0420754 0.656222 850
0 0.2956 0.449439 0.014689 0.0391102 0.621341 852
0 0.153707 0.623311 0.0140466 0.052127 0.598055 854
0 0.462608 0.589984 0.0235111 0.0515316 0.381939 855
0 0.871807 0.360392 0.0507655 0.0883926 0.458127 861
0 0.959533 0.846945 0.0164999 0.0417039 0.679511 234
0 0.894755 0.171753 0.0261832 0.0591088 0.437677 865
0 0.615451 0.425809 0.0193377 0.0491032 0.700005 867
0 0.712189 0.493827 0.0313687 0.0684415 0.654531 868
0 0.587804 0.458956 0.0146119 0.0315662 0.571168 869
0 0.521805 0.0800682 0.0177625 0.0498406 0.636282 870
0 0.733835 0.0725438 0.0133444 0.0369254 0.639391 871
0 0.711467 0.0619867 0.0175788 0.0471561 0.75129 873
0 0.683845 0.190458 0.0163609 0.0434258 0.689556 874
0 0.455023 0.0589292 0.0946665 0.10543 0.791275 875
0 0.561578 0.0686969 0.0262803 0.0636921 0.498018 877
0 0.860736 0.183004 0.0151009 0.0423922 0.709049 879
0 0.84533 0.208428 0.0134612 0.0333964 0.561681 883
0 0.74402 0.206827 0.0372295 0.0691563 0.481437 886
0 0.355705 0.194295 0.0248043 0.0529097 0.629247 887
0 0.664341 0.409731 0.0160472 0.0361073 0.664404 888
0 0.660108 0.897896 0.0161357 0.0509112 0.744402 56
0 0.586942 0.422679 0.013695 0.0321268 0.548348 721
0 0.645242 0.401563 0.0175761 0.0453261 0.698387 901
0 0.293372 0.109833 0.0162727 0.0379573 0.716861 902
0 0.939611 0.892443 0.0148331 0.0316158 0.58326 905
0 0.317831 0.441567 0.015127 0.038104 0.681578 907
0 0.757074 0.119259 0.0132188 0.0350492 0.54894 909
0 0.569995 0.472659 0.0187779 0.0305027 0.566268 912
0 0.734397 0.284082 0.0148549 0.026523 0.413236 917
0 0.401423 0.372852 0.0137215 0.0359038 0.442484 919
0 0.781957 0.473435 0.0139657 0.036591 0.411395 648
0 0.363277 0.340667 0.0131903 0.0376002 0.505219 744
0 0.428731 0.634144 0.0186064 0.0293336 0.68912 921
0 0.785438 0.353097 0.0128207 0.0253559 0.55726 934
0 0.73692 0.316935 0.0139388 0.0257756 0.400851 943
0 0.411581 0.190497 0.0177596 0.034648 0.381595 725
0 0.746771 0.792603 0.0141177 0.0401511 0.498177 84
0 0.514939 0.034739 0.0135304 0.0364151 0.665018 945
0 0.990468 0.434703 0.0132368 0.0398724 0.617999 946
0 0.680075 0.584716 0.0171029 0.0314238 0.505608 948
0 0.709978 0.376019 0.0134115 0.038352 0.447076 950
0 0.684417 0.638925 0.017272 0.0387439 0.582372 59
0 0.343228 0.733851 0.015247 0.0393453 0.408385 475
0 0.247726 0.601677 0.0206696 0.0508742 0.65003 681
0 0.359693 0.815555 0.0211803 0.0559885 0.538969 679
0 0.54081 0.371863 0.0133862 0.0330983 0.650571 768
0 0.16454 0.364261 0.0143947 0.0367146 0.5962 790
0 0.414491 0.739745 0.0498315 0.0778994 0.35527 114
0 0.909645 0.215394 0.0133186 0.0361142 0.584895 906
