0 0.841466 0.693892 0.0554872 0.0908939 0.668625 80
0 0.344401 0.154499 0.0638009 0.144984 0.318738 102
0 0.376766 0.187532 0.0938799 0.18976 0.804465 260
0 0.613075 0.294819 0.0995252 0.169965 0.833969 274
0 0.842267 0.614417 0.0199286 0.0529785 0.539314 312
0 0.329861 0.520546 0.105641 0.148917 0.799066 329
0 0.698836 0.280837 0.0495023 0.110669 0.473509 386
0 0.488872 0.830896 0.0260411 0.0785579 0.639004 3
0 0.658504 0.576875 0.0222517 0.0592889 0.415825 101
0 0.555344 0.765896 0.0167954 0.0472756 0.706356 448
0 0.696289 0.560935 0.0210846 0.0501882 0.64431 456
0 0.724966 0.737216 0.01944 0.0575489 0.724106 92
0 0.418475 0.457289 0.0245303 0.057425 0.613828 514
0 0.506117 0.427749 0.1048 0.169604 0.78789 31
0 0.742113 0.565095 0.0510416 0.0798769 0.466686 269
0 0.418778 0.624582 0.0547139 0.141989 0.328504 562
0 0.541511 0.497061 0.0614596 0.112011 0.505779 563
0 0.648131 0.770425 0.0184792 0.0527822 0.733797 582
0 0.941525 0.677293 0.106558 0.164282 0.839052 594
0 0.563379 0.5496 0.0217327 0.0559801 0.654286 225
0 0.801345 0.513882 0.0211543 0.0581948 0.619667 272
0 0.443669 0.775396 0.0190881 0.0583013 0.753987 600
0 0.771683 0.500924 0.0173583 0.0421956 0.744599 601
0 0.47516 0.638124 0.0181992 0.0473069 0.587314 603
0 0.185747 0.442544 0.106255 0.20591 0.816583 604
0 0.867755 0.531318 0.0165766 0.0364392 0.700928 620
0 0.226188 0.710275 0.0252604 0.0636493 0.590683 624
0 0.462987 0.342412 0.0700449 0.126357 0.759459 625
0 0.460696 0.589704 0.0178011 0.0465957 0.430946 627
0 0.406398 0.408513 0.0188466 0.0448621 0.58813 630
0 0.51891 0.616708 0.0486583 0.10929 0.537288 14
0 0.809506 0.406447 0.102113 0.127256 0.827164 249
0 0.879347 0.574819 0.020015 0.0497536 0.394387 656
0 0.866798 0.625459 0.0158604 0.0369203 0.732667 674
0 0.484936 0.582818 0.0195198 0.0451721 0.523095 682
0 0.339546 0.326908 0.0600907 0.105012 0.476407 692
0 0.478933 0.725555 0.0413502 0.10426 0.331594 700
0 0.792337 0.600195 0.0490865 0.082267 0.681445 219
0 0.365514 0.391689 0.0160192 0.0299268 0.648605 704
0 0.2746 0.412081 0.0168415 0.05151 0.716695 709
0 0.55262 0.272827 0.01702 0.0405576 0.675911 710
0 0.404887 0.356302 0.0187818 0.0424794 0.515171 711
0 0.34408 0.418261 0.0154377 0.0287615 0.541227 712
0 0.297645 0.3289 0.026918 0.0491491 0.394173 713
0 0.217809 0.596054 0.0276414 0.0650243 0.540752 715
0 0.493138 0.531036 0.0158846 0.0334844 0.630553 716
0 0.521767 0.292591 0.0216216 0.0541685 0.672791 717
0 0.702015 0.803756 0.0224196 0.0566699 0.668385 718
0 0.183022 0.686452 0.0244888 0.0796393 0.376374 729
0 0.360317 0.615516 0.0242863 0.0548096 0.519438 732
0 0.860441 0.428502 0.0166301 0.034629 0.602661 369
0 0.324174 0.676666 0.0687898 0.135621 0.622628 775
0 0.909479 0.567511 0.0166956 0.0397437 0.702498 780
0 0.426294 0.517726 0.021035 0.05132 0.473132 805
0 0.634206 0.419246 0.0816256 0.125967 0.65459 806
0 0.940303 0.403675 0.109549 0.246704 0.852064 811
0 0.724108 0.488193 0.0420829 0.0801696 0.487184 302
0 0.862802 0.775131 0.0354887 0.0626205 0.658007 467
0 0.259479 0.607929 0.0174955 0.0475817 0.63434 327
0 0.741738 0.408665 0.0197457 0.0502051 0.646026 824
0 0.594974 0.52348 0.018016 0.0386064 0.775628 827
0 0.795885 0.279786 0.0406395 0.0788279 0.456708 828
0 0.105034 0.660652 0.0122435 0.0366318 0.426882 829
0 0.272926 0.652756 0.0154187 0.0465531 0.340148 833
0 0.662105 0.485626 0.0452268 0.0912745 0.546397 847
0 0.846333 0.489219 0.0485236 0.0843282 0.401428 861
0 0.870427 0.282083 0.0392309 0.0710901 0.399536 865
0 0.574904 0.604981 0.0208148 0.0568093 0.683466 867
0 0.672711 0.662729 0.0533286 0.131074 0.618404 868
0 0.556692 0.652122 0.0175843 0.0427919 0.7458 869
0 0.497158 0.240477 0.0186587 0.0481615 0.783646 870
0 0.713107 0.194388 0.0141689 0.0385331 0.577223 871
0 0.689204 0.19754 0.0188043 0.0442501 0.758456 873
0 0.660172 0.331764 0.0166622 0.0449129 0.699176 874
0 0.441169 0.194207 0.098091 0.196661 0.782558 875
0 0.540111 0.217058 0.025714 0.0738723 0.621655 877
0 0.828767 0.296365 0.0171219 0.0426439 0.665047 879
0 0.719312 0.337492 0.0438678 0.0822389 0.538137 886
0 0.631047 0.5626 0.0165327 0.0428095 0.662154 888
0 0.607054 0.558692 0.020868 0.0400922 0.715321 901
0 0.273855 0.297585 0.0218288 0.0518161 0.668372 902
0 0.73572 0.237209 0.0156179 0.0375643 0.699701 909
0 0.707862 0.419221 0.0163463 0.0243375 0.551271 917
0 0.753834 0.611324 0.0141617 0.0378114 0.67664 648
0 0.711251 0.452357 0.0162174 0.02639 0.513706 943
0 0.379078 0.420289 0.0154957 0.0287182 0.643262 725
0 0.504642 0.191198 0.0147184 0.037178 0.717232 945
0 0.953287 0.560781 0.0165165 0.0400734 0.591188 946
0 0.681416 0.531618 0.0173869 0.043245 0.7159 950
0 0.652822 0.831467 0.0264847 0.0658118 0.409286 59
0 0.506451 0.565217 0.0140149 0.033455 0.515729 768
0 0.239177 0.314157 0.0192646 0.0467797 0.643748 965
0 0.555359 0.170226 0.0191039 0.0284534 0.537041 968
0 0.881081 0.335267 0.0136226 0.0386889 0.60663 906
0 0.27143 0.223672 0.056264 0.0934378 0.751498 988
0 0.595887 0.169417 0.0291521 0.0741204 0.448899 994
0 0.612735 0.609511 0.02246 0.0519255 0.569957 1001
0 0.733986 0.188854 0.0143835 0.0316565 0.617958 1002
0 0.337553 0.386509 0.0183041 0.0332848 0.41225 1008
0 0.813074 0.13089 0.0990469 0.186081 0.808064 174
0 0.101181 0.389241 0.0822389 0.20767 0.483072 1027
0 0.852132 0.211561 0.0627718 0.0873897 0.717866 1032
0 0.727205 0.140941 0.0429476 0.0647136 0.517437 1041
0 0.511779 0.125804 0.0266737 0.070458 0.633342 1049
0 0.620641 0.518417 0.0143933 0.0339629 0.698786 1053
0 0.372334 0.359264 0.0145746 0.0254061 0.56543 1055
0 0.17142 0.315743 0.0166194 0.0495669 0.705578 1056
0 0.570077 0.231993 0.0161029 0.0439061 0.740694 1057
0 0.826054 0.554439 0.0154372 0.0416685 0.687079 1064
0 0.921643 0.23211 0.055532 0.0834053 0.551406 1065
0 0.203099 0.268155 0.0171691 0.0535361 0.69479 1066
0 0.967004 0.524915 0.0170934 0.0418465 0.660343 1068
0 0.235042 0.655031 0.0141657 0.0372064 0.342994 1073
0 0.224173 0.152298 0.0697404 0.128315 0.723354 1087
0 0.169613 0.253538 0.0194576 0.0558029 0.722816 1119
0 0.676023 0.100519 0.0294371 0.0657439 0.532583 1122
0 0.452987 0.0360467 0.0460372 0.0720934 0.53194 480
0 0.887579 0.924156 0.023395 0.0533103 0.411192 47
0 0.632152 0.659343 0.0195174 0.0517348 0.725816 1138
0 0.492399 0.073197 0.0154875 0.0425859 0.636879 1143
0 0.679937 0.162265 0.0134853 0.0286582 0.575153 1144
0 0.743799 0.0632262 0.0242976 0.0765272 0.519831 1153
0 0.323327 0.410376 0.016278 0.0418876 0.490519 887
0 0.607487 0.759103 0.0395936 0.0889429 0.429175 451
0 0.416305 0.78331 0.0145031 0.0472478 0.604787 832
0 0.63895 0.0533354 0.018429 0.0476048 0.733077 1161
0 0.568264 0.418728 0.014497 0.043724 0.693473 706
0 0.613614 0.116357 0.0256938 0.0628966 0.391213 1186
0 0.530881 0.706255 0.0258802 0.066405 0.449286 27
0 0.317636 0.0728992 0.0938107 0.132915 0.849768 1195
0 0.678607 0.040163 0.0178407 0.0432525 0.719963 1198
0 0.704304 0.039729 0.0160223 0.0458594 0.648274 1199
0 0.257303 0.349774 0.0159654 0.0411727 0.687571 1200
0 0.188445 0.221487 0.0149536 0.0365254 0.593686 1202
0 0.138486 0.243522 0.0185074 0.0530681 0.703594 1203
0 0.759654 0.346086 0.0134034 0.0360325 0.711526 1204
0 0.892302 0.154767 0.0127775 0.0360533 0.693533 1205
0 0.317521 0.300227 0.016568 0.0344119 0.403233 830
0 0.31026 0.62449 0.0127406 0.0419615 0.461982 744
0 0.751978 0.680452 0.0313112 0.0719045 0.380577 1215
0 0.542065 0.310204 0.0123074 0.0290167 0.4312 1220
0 0.181771 0.181965 0.0167546 0.0474265 0.569641 1221
0 0.497653 0.0759962 0.0155753 0.0391819 0.754036 1225
0 0.404921 0.195517 0.0190755 0.0582573 0.441654 1226
0 0.687338 0.760001 0.0199579 0.0463658 0.769476 948
0 0.693229 0.389945 0.00998451 0.0314513 0.437375 1132
0 0.713897 0.886552 0.0459509 0.0874877 0.4644 63
0 0.338426 0.776494 0.0176564 0.0602664 0.478639 189
0 0.745854 0.509596 0.0125122 0.0280175 0.510541 884
0 0.738331 0.799814 0.019602 0.0538493 0.68054 121
0 0.705174 0.703168 0.0133816 0.0363594 0.742736 1234
0 0.995737 0.56563 0.00852577 0.0461956 0.479829 1239
0 0.440806 0.437988 0.0117374 0.0355492 0.455076 1245
0 0.541278 0.0253414 0.0585731 0.0457353 0.600891 1247
0 0.574356 0.0538661 0.0694781 0.0991295 0.780083 93
0 0.894798 0.535014 0.0129625 0.0321401 0.500399 1129
0 0.365238 0.828988 0.0211566 0.0542074 0.668851 54
0 0.397685 0.509611 0.0141439 0.03873 0.499391 337
0 0.716161 0.660826 0.0152053 0.0384893 0.689309 1045
0 0.942232 0.830103 0.027962 0.0412441 0.318623 185
0 0.783317 0.709937 0.0153263 0.042985 0.536054 60
0 0.132341 0.688228 0.0173521 0.0476728 0.607521 670
0 0.248185 0.745546 0.0159647 0.047636 0.499935 733
0 0.210782 0.663372 0.0143448 0.0372326 0.603596 1040
0 0.385639 0.385963 0.0119145 0.0234913 0.538661 1151
0 0.471167 0.546617 0.020632 0.0368248 0.353923 1207
