0 0.838885 0.697958 0.0527683 0.0954042 0.621401 80
0 0.347198 0.174477 0.102495 0.198361 0.830285 260
0 0.609093 0.307096 0.103164 0.169694 0.845574 274
0 0.840111 0.623444 0.0191478 0.0507093 0.554675 312
0 0.327685 0.544717 0.101302 0.156298 0.763961 329
0 0.697801 0.300469 0.0511268 0.129948 0.517601 386
0 0.489382 0.855285 0.022522 0.0701759 0.415678 3
0 0.65551 0.592288 0.021422 0.05757 0.468663 101
0 0.551976 0.790082 0.0168199 0.0486513 0.714788 448
0 0.693508 0.574938 0.0208543 0.0498723 0.63656 456
0 0.720047 0.756106 0.0179624 0.0528732 0.691713 92
0 0.41534 0.476802 0.0243185 0.0547015 0.626801 514
0 0.502964 0.444681 0.106205 0.178202 0.791873 31
0 0.739701 0.578199 0.0488591 0.0762374 0.492024 269
0 0.415833 0.642341 0.0531641 0.139347 0.360827 562
0 0.537265 0.517667 0.0607908 0.113731 0.486761 563
0 0.641745 0.801105 0.0166403 0.0556522 0.543461 582
0 0.939615 0.685273 0.112366 0.164328 0.834978 594
0 0.560889 0.569795 0.0210778 0.0556301 0.600796 225
0 0.799246 0.524372 0.0223025 0.0584268 0.608021 272
0 0.437968 0.798692 0.0165888 0.0509296 0.474203 600
0 0.768395 0.512444 0.0172491 0.0417614 0.721075 601
0 0.472302 0.660886 0.0157382 0.0467537 0.565374 603
0 0.187632 0.455301 0.101937 0.201984 0.822203 604
0 0.865838 0.540456 0.0163834 0.0378628 0.638448 620
0 0.224431 0.748767 0.0295264 0.0760715 0.565711 624
0 0.46165 0.3595 0.07096 0.129063 0.698054 625
0 0.455389 0.613383 0.0146875 0.0425266 0.366354 627
0 0.404122 0.426298 0.0192075 0.0463126 0.544945 630
0 0.514459 0.638485 0.0513166 0.112672 0.408867 14
0 0.807334 0.418951 0.0990479 0.12898 0.816544 249
0 0.877814 0.583759 0.0184831 0.0494974 0.49435 656
0 0.864623 0.634438 0.0157566 0.037614 0.662572 674
0 0.480552 0.605611 0.0188803 0.0481307 0.629305 682
0 0.338452 0.345427 0.060705 0.104896 0.611304 692
0 0.475552 0.735885 0.0297877 0.0802079 0.533557 700
0 0.78964 0.612649 0.0486358 0.0850174 0.640662 219
0 0.36402 0.408479 0.0188761 0.0299384 0.560656 704
0 0.273599 0.429189 0.0182816 0.0526018 0.702148 709
0 0.550457 0.283394 0.0181012 0.0436676 0.743578 710
0 0.40307 0.373432 0.019123 0.0447595 0.535118 711
0 0.33997 0.435284 0.019791 0.0306616 0.545315 712
0 0.295017 0.345617 0.0249636 0.0486349 0.304763 713
0 0.219191 0.620927 0.0249291 0.065125 0.510403 715
0 0.488432 0.556642 0.0149652 0.0336001 0.327302 716
0 0.520851 0.308195 0.0224545 0.0563364 0.707242 717
0 0.699381 0.826066 0.0205122 0.053202 0.68015 718
0 0.352833 0.64449 0.0205823 0.0521106 0.342635 732
0 0.858303 0.437761 0.0159887 0.0332925 0.626466 369
0 0.335483 0.704603 0.099857 0.152313 0.585385 775
0 0.906857 0.576171 0.0160551 0.0393604 0.679001 780
0 0.422321 0.538517 0.0227972 0.0539998 0.458433 805
0 0.63108 0.4304 0.0853914 0.127132 0.675265 806
0 0.938145 0.409725 0.111361 0.257157 0.855784 811
0 0.721134 0.501637 0.0428931 0.0829605 0.462763 302
0 0.861997 0.787546 0.0335265 0.0623503 0.611604 467
0 0.257351 0.633999 0.0178276 0.0458628 0.62699 327
0 0.738373 0.419969 0.0202866 0.052724 0.652744 824
0 0.591304 0.537287 0.0181829 0.0371466 0.724604 827
0 0.795666 0.285007 0.0400033 0.0759903 0.39217 828
0 0.26973 0.677639 0.0144942 0.0444106 0.409827 833
0 0.658662 0.500584 0.046758 0.0979447 0.445136 847
0 0.843181 0.497889 0.0491645 0.0885492 0.426986 861
0 0.868122 0.289531 0.0426074 0.0704214 0.421698 865
0 0.5715 0.626933 0.0191754 0.0563817 0.668162 867
0 0.66974 0.683646 0.0550426 0.144788 0.416426 868
0 0.555151 0.674941 0.0173381 0.044677 0.701009 869
0 0.495243 0.257138 0.0191088 0.0504115 0.781889 870
0 0.711704 0.203183 0.013591 0.0374775 0.527678 871
0 0.687648 0.207144 0.0188113 0.044866 0.729588 873
0 0.65884 0.343955 0.0162656 0.0442503 0.688654 874
0 0.438243 0.209407 0.0979786 0.198373 0.801938 875
0 0.538854 0.226335 0.0255462 0.0682073 0.491597 877
0 0.827075 0.303398 0.017319 0.0460443 0.629739 879
0 0.719254 0.349751 0.0414495 0.0801235 0.533784 886
0 0.627811 0.578429 0.016244 0.0417531 0.764778 888
0 0.602471 0.575993 0.0211697 0.0438311 0.791291 901
0 0.271085 0.313731 0.0228299 0.0526315 0.614563 902
0 0.735083 0.245482 0.0160133 0.037821 0.627959 909
0 0.704809 0.432914 0.01519 0.0237262 0.523125 917
0 0.751555 0.624008 0.0139046 0.0371747 0.614896 648
0 0.707965 0.465784 0.016572 0.0266078 0.594826 943
0 0.376933 0.436852 0.0162466 0.0317767 0.70042 725
0 0.50203 0.205474 0.0143275 0.0366889 0.354815 945
0 0.95094 0.569157 0.0169042 0.0405489 0.62119 946
0 0.6782 0.545342 0.0184456 0.0440345 0.661327 950
0 0.659472 0.816624 0.0214108 0.0584497 0.639421 59
0 0.502588 0.589607 0.0139115 0.0372124 0.532872 768
0 0.234801 0.334737 0.0196682 0.0438658 0.659399 965
0 0.553174 0.180835 0.0203984 0.0304024 0.563284 968
0 0.877517 0.345119 0.0140104 0.0396564 0.6179 906
0 0.270088 0.238817 0.0559651 0.0931032 0.7353 988
0 0.594192 0.1803 0.030449 0.0739265 0.401556 994
0 0.61113 0.626908 0.0231089 0.0534782 0.548226 1001
0 0.732514 0.197963 0.0144922 0.0320191 0.55792 1002
0 0.335383 0.402978 0.0171372 0.0274392 0.376572 1008
0 0.812875 0.136623 0.103745 0.197844 0.812542 174
0 0.0987826 0.405281 0.0795789 0.169836 0.608119 1027
0 0.850092 0.214809 0.0643546 0.0950744 0.624998 1032
0 0.724713 0.147056 0.0439452 0.0723746 0.439644 1041
0 0.509445 0.140455 0.0298209 0.0726392 0.556359 1049
0 0.617265 0.535125 0.0152055 0.036137 0.724636 1053
0 0.370513 0.377051 0.0136483 0.0244873 0.475669 1055
0 0.169182 0.332268 0.0167966 0.0482331 0.704558 1056
0 0.568486 0.242505 0.017209 0.0446725 0.691954 1057
0 0.82378 0.564078 0.0158062 0.0413579 0.720235 1064
0 0.920856 0.234493 0.0568908 0.0809641 0.482242 1065
0 0.201201 0.28454 0.0192616 0.0545104 0.565937 1066
0 0.964728 0.532661 0.017372 0.0433584 0.554604 1068
0 0.233055 0.676155 0.0142809 0.0347968 0.586496 1073
0 0.221732 0.162049 0.0652049 0.14302 0.716375 1087
0 0.167203 0.269721 0.0178961 0.0535313 0.648682 1119
0 0.674975 0.11094 0.0317282 0.0643567 0.568009 1122
0 0.449343 0.0446221 0.0449212 0.0823069 0.514728 480
0 0.885434 0.931952 0.0262433 0.0539209 0.40236 47
0 0.63093 0.675803 0.0191713 0.0519391 0.715757 1138
0 0.488104 0.089386 0.0176101 0.0458133 0.682774 1143
0 0.678588 0.171814 0.0135279 0.0284061 0.687752 1144
0 0.744285 0.0659429 0.0233559 0.0728328 0.572944 1153
0 0.601625 0.788057 0.0363444 0.0882135 0.453962 451
0 0.637608 0.063372 0.0184246 0.0476162 0.755543 1161
0 0.611193 0.127677 0.026867 0.065591 0.434815 1186
0 0.526342 0.727907 0.0238106 0.0638105 0.481544 27
0 0.315738 0.0808617 0.0956378 0.146621 0.824441 1195
0 0.67791 0.0485266 0.0185783 0.045474 0.69527 1198
0 0.703539 0.0484297 0.0157102 0.0454435 0.636316 1199
0 0.255353 0.366177 0.0164258 0.0417276 0.651904 1200
0 0.185989 0.236774 0.0153759 0.0367464 0.581449 1202
0 0.136013 0.259684 0.018808 0.0576507 0.676083 1203
0 0.758072 0.355295 0.014337 0.0386046 0.718271 1204
0 0.891795 0.158732 0.0133952 0.0381709 0.725293 1205
0 0.315879 0.316043 0.0162027 0.0351547 0.463739 830
0 0.74906 0.695883 0.0304744 0.0679332 0.487 1215
0 0.179084 0.194182 0.0174994 0.0562095 0.529059 1221
0 0.402391 0.211435 0.0192749 0.0599661 0.411732 1226
0 0.685776 0.77975 0.0181598 0.0463129 0.685214 948
0 0.690995 0.40212 0.00995789 0.0309583 0.320124 1132
0 0.716233 0.890429 0.0264675 0.0678805 0.650301 63
0 0.743409 0.522563 0.0134863 0.028344 0.619359 884
0 0.733264 0.824496 0.0185659 0.0479743 0.702899 121
0 0.995302 0.579394 0.00939529 0.0490233 0.463118 1239
0 0.438288 0.456483 0.0122816 0.0337256 0.449291 1245
0 0.540454 0.0328245 0.0548409 0.056321 0.702477 1247
0 0.571948 0.0590254 0.0699771 0.0989131 0.737847 93
0 0.89259 0.543999 0.0131499 0.0316235 0.359866 1129
0 0.394513 0.529601 0.013522 0.0393333 0.459325 337
0 0.712372 0.682101 0.0161582 0.0389054 0.633309 1045
0 0.772031 0.0494285 0.0162376 0.0382901 0.709347 1254
0 0.267651 0.0520355 0.0186225 0.0489912 0.672413 1255
0 0.582393 0.496904 0.0146221 0.034834 0.651234 1256
0 0.66368 0.0229404 0.0135714 0.0332611 0.560569 1258
0 0.398413 0.0446051 0.0154063 0.0430789 0.48638 1264
0 0.266709 0.162708 0.0121958 0.03939 0.531436 1266
0 0.422059 0.0210015 0.0176432 0.0364839 0.666829 1267
0 0.780673 0.697693 0.0166877 0.0435027 0.779673 60
0 0.127613 0.681436 0.0164755 0.0475699 0.528765 670
0 0.629661 0.7509 0.0148811 0.0421012 0.759091 733
0 0.213491 0.693938 0.0157255 0.0409158 0.767846 1040
0 0.146353 0.588174 0.0128475 0.0368021 0.66155 778
0 0.170966 0.761661 0.0201523 0.0772612 0.552834 819
0 0.513375 0.781372 0.0130487 0.0316964 0.349807 1059
0 0.378976 0.852812 0.0182011 0.0577932 0.709028 477
0 0.126504 0.737805 0.0217158 0.0605262 0.501958 687
0 0.869811 0.743627 0.0129342 0.0285743 0.333377 983
0 0.160783 0.621101 0.0119271 0.034416 0.403949 1025
0 0.580746 0.712561 0.0394809 0.0903271 0.383422 13
0 0.429928 0.861013 0.0152333 0.0450032 0.572752 380
0 0.854519 0.838621 0.0154991 0.0338779 0.416739 1178
0 0.055603 0.625886 0.0245167 0.0694436 0.489622 1222
