0 0.581953 0.674247 0.0305647 0.088291 0.379829 274
0 0.652675 0.622262 0.057967 0.0999684 0.512122 386
0 0.818358 0.834082 0.0237107 0.058609 0.689433 620
0 0.697137 0.813491 0.0496011 0.0986368 0.388787 249
0 0.481137 0.948233 0.0181393 0.0500305 0.626354 717
0 0.888434 0.66475 0.0277317 0.0632138 0.615225 811
0 0.710392 0.644694 0.0249777 0.0773425 0.506213 828
0 0.77523 0.571712 0.0376405 0.0870815 0.406331 865
0 0.635519 0.550209 0.0176305 0.0524314 0.547821 873
0 0.741544 0.70747 0.0219279 0.0563002 0.668764 879
0 0.658214 0.702802 0.042192 0.0761992 0.45961 886
0 0.798818 0.727612 0.0218565 0.0669443 0.460917 906
0 0.760462 0.447792 0.121733 0.21704 0.795906 174
0 0.439867 0.642676 0.023686 0.0717044 0.618329 1049
0 0.89924 0.461658 0.0655778 0.116686 0.638482 1065
0 0.451949 0.270765 0.0585435 0.106624 0.655284 480
0 0.494708 0.391297 0.015792 0.0449987 0.611823 1143
0 0.717725 0.312452 0.0321698 0.0839758 0.535437 1153
0 0.616113 0.416346 0.0204982 0.0611086 0.643101 1161
0 0.351848 0.5796 0.0689578 0.129529 0.666968 1195
0 0.644451 0.34857 0.0171344 0.0564075 0.736385 1198
0 0.856016 0.371911 0.0143906 0.0421309 0.624957 1205
0 0.520831 0.322109 0.0521904 0.0827895 0.62127 1247
0 0.556054 0.405897 0.0715381 0.117052 0.775853 93
0 0.750749 0.292288 0.0163975 0.0425456 0.500658 1254
0 0.231626 0.549829 0.0756338 0.142988 0.782718 1255
0 0.613308 0.263298 0.061091 0.132952 0.709292 1258
0 0.393656 0.423995 0.0195934 0.0662024 0.586093 1264
0 0.6982 0.284462 0.0155769 0.0355917 0.454702 1285
0 0.732602 0.250545 0.0153656 0.0358079 0.669692 1287
0 0.429143 0.400588 0.0311007 0.0868643 0.439151 1304
0 0.47486 0.343758 0.021267 0.0646491 0.616145 1312
0 0.569389 0.31838 0.0155097 0.045711 0.584862 1334
0 0.307297 0.817153 0.0202664 0.0693868 0.542384 1226
0 0.688676 0.22487 0.0594308 0.0930968 0.685067 1345
0 0.309634 0.396524 0.0188609 0.0577247 0.628829 1393
0 0.907939 0.364821 0.0160345 0.046551 0.647137 1414
0 0.668438 0.427893 0.0186649 0.0603341 0.660771 1420
0 0.753734 0.243011 0.0170785 0.0415625 0.658647 1428
0 0.388642 0.314594 0.0199429 0.064351 0.570557 1429
0 0.736955 0.199893 0.0198846 0.0520897 0.704667 1442
0 0.919141 0.593665 0.0334016 0.0706155 0.367309 1447
0 0.6741 0.493421 0.0258926 0.0631311 0.489044 1041
0 0.432584 0.570221 0.0223379 0.0648292 0.558205 1365
0 0.342486 0.487033 0.0172837 0.0551106 0.527866 1469
0 0.309887 0.466039 0.0234306 0.0634447 0.605621 1470
0 0.161845 0.649003 0.0171394 0.0598984 0.689681 1472
0 0.676323 0.310075 0.0177164 0.04835 0.662772 1199
0 0.20566 0.72315 0.0227378 0.0767722 0.513917 1266
0 0.826518 0.46519 0.0663848 0.129599 0.586052 1032
0 0.824879 0.584085 0.0388717 0.0757067 0.358351 1514
0 0.572422 0.188016 0.0503269 0.103869 0.624338 1515
0 0.339685 0.271417 0.062326 0.0968477 0.718671 907
0 0.414462 0.200965 0.0680894 0.136535 0.664447 1537
0 0.802167 0.242813 0.0198624 0.0608114 0.623569 1552
0 0.248648 0.765538 0.0223321 0.0716852 0.36613 988
0 0.306949 0.625963 0.0166847 0.0525516 0.702954 1056
0 0.519671 0.183392 0.0448052 0.0986549 0.616923 1562
0 0.372714 0.653218 0.0156164 0.0532113 0.54747 1567
0 0.654401 0.295736 0.0153855 0.04174 0.701473 1584
0 0.240765 0.703943 0.0187986 0.0578606 0.730486 1602
0 0.458938 0.5323 0.0165691 0.0405534 0.513535 1359
0 0.587918 0.563902 0.0267897 0.0915715 0.340351 1402
0 0.904697 0.260591 0.121454 0.181044 0.757661 1632
0 0.621144 0.892089 0.0221603 0.0651844 0.765923 917
0 0.30827 0.722295 0.0143615 0.0425807 0.672202 1655
0 0.810476 0.168819 0.0203188 0.0579851 0.601944 1656
0 0.476333 0.15783 0.0212942 0.0505139 0.711211 1658
0 0.957004 0.342455 0.0659489 0.105218 0.743094 1664
0 0.114259 0.519368 0.0191215 0.0690857 0.581562 1666
0 0.420169 0.748829 0.0407394 0.0984741 0.496401 1150
0 0.711183 0.0871832 0.0528489 0.108273 0.705292 1129
0 0.839029 0.722006 0.0218094 0.0468915 0.702466 1691
0 0.395704 0.69083 0.0173908 0.0587282 0.619414 1693
0 0.27026 0.653997 0.0201949 0.073605 0.436879 1708
0 0.439833 0.48561 0.0263872 0.0675411 0.650947 1717
0 0.86649 0.820215 0.0172511 0.0376626 0.303954 76
0 0.484939 0.615279 0.0382734 0.0840359 0.452511 1332
0 0.495293 0.694942 0.0190313 0.061902 0.536585 710
0 0.884003 0.558097 0.0202502 0.0553867 0.66462 1731
0 0.91331 0.708129 0.0238797 0.0530428 0.589357 1735
0 0.934055 0.653577 0.0204406 0.0525792 0.716216 1738
0 0.772381 0.188616 0.0177476 0.046323 0.693006 1739
0 0.911831 0.532316 0.0203111 0.0507001 0.688609 1743
0 0.964674 0.439552 0.0178513 0.0469086 0.756285 1744
0 0.9661 0.523744 0.0503578 0.101292 0.388711 1745
0 0.410453 0.474614 0.0170964 0.0483516 0.605615 1756
0 0.884135 0.608764 0.014379 0.0328551 0.476343 1758
0 0.375486 0.484381 0.0147765 0.0524508 0.531085 1277
0 0.812713 0.784889 0.0186703 0.0445732 0.450755 369
0 0.362706 0.384144 0.0231581 0.0749819 0.499833 1775
0 0.979889 0.825571 0.0184042 0.0472359 0.617517 1778
0 0.127244 0.401797 0.0517241 0.124754 0.673404 1779
0 0.848114 0.617358 0.0282219 0.0528688 0.333121 1781
0 0.407067 0.631284 0.0208086 0.0560071 0.383022 1783
0 0.351413 0.688368 0.0185405 0.0693949 0.520394 1784
0 0.868265 0.757613 0.0407764 0.0756513 0.374324 1799
0 0.379027 0.748233 0.01333 0.0480901 0.324005 1808
0 0.919681 0.913948 0.0208842 0.0461559 0.686075 1516
0 0.650607 0.0671158 0.090967 0.121854 0.721597 1817
0 0.794565 0.0857111 0.0679331 0.110009 0.722986 1823
0 0.334925 0.359768 0.0150152 0.0477829 0.543065 1826
0 0.868534 0.159862 0.0140855 0.0420081 0.669344 1832
0 0.507534 0.659232 0.0187613 0.0571244 0.349967 1057
0 0.838495 0.363239 0.0140943 0.0336269 0.306677 1357
0 0.176795 0.343266 0.0523771 0.135365 0.605329 1849
0 0.212483 0.221709 0.0195216 0.059205 0.651204 1852
0 0.847524 0.670919 0.0159177 0.0391523 0.580236 1856
0 0.277499 0.191524 0.0212737 0.0663883 0.654132 1869
0 0.826535 0.68147 0.0187885 0.0496905 0.75542 883
0 0.782419 0.686675 0.0196965 0.0464544 0.604423 1340
0 0.467373 0.782116 0.0279433 0.106515 0.53952 945
0 0.35224 0.314234 0.0482506 0.0701932 0.781974 1308
0 0.236358 0.320371 0.0839873 0.15867 0.795192 874
0 0.827795 0.243696 0.0138614 0.0377467 0.505562 1767
0 0.5438 0.584778 0.0204136 0.0734063 0.533717 994
0 0.58657 0.0600832 0.019985 0.0528843 0.71918 1895
0 0.337171 0.126791 0.0199646 0.060495 0.708284 1896
0 0.488116 0.507979 0.0199914 0.0604632 0.678235 1897
0 0.83606 0.20525 0.0155094 0.0371056 0.673396 1901
0 0.0806847 0.605334 0.0190112 0.0630494 0.457122 1906
0 0.075052 0.44444 0.0325707 0.0743889 0.417836 1912
0 0.452785 0.12564 0.0129093 0.0388964 0.539521 1923
0 0.352173 0.888425 0.0195168 0.0694616 0.691681 1202
0 0.903339 0.881973 0.0172276 0.0435125 0.722937 946
0 0.195734 0.139692 0.0390275 0.0811776 0.407007 950
0 0.253702 0.448989 0.0181882 0.0467849 0.39134 1525
0 0.285039 0.431019 0.0142982 0.0483459 0.493096 1415
0 0.912997 0.766572 0.0265495 0.0561025 0.46635 1563
0 0.977593 0.654595 0.0448141 0.109284 0.600491 1564
0 0.31028 0.767593 0.0114429 0.0281796 0.423404 709
0 0.599042 0.910163 0.0151019 0.0484926 0.350522 1354
0 0.857739 0.0994238 0.0293849 0.0600653 0.339931 563
0 0.174057 0.695447 0.0133909 0.0504987 0.371353 1490
0 0.294833 0.901633 0.0155994 0.0481183 0.679148 704
0 0.783692 0.824325 0.0206945 0.054744 0.713259 230
0 0.568171 0.542787 0.0256607 0.0518075 0.360808 1336
0 0.938207 0.866527 0.0188026 0.0441778 0.759152 1239
0 0.563084 0.269131 0.0140849 0.0381352 0.484802 1425
0 0.699983 0.734748 0.022179 0.0562479 0.534355 1085
0 0.465104 0.800225 0.0226449 0.0707904 0.449245 870
0 0.315242 0.66804 0.0143248 0.0373629 0.561255 830
0 0.848273 0.850893 0.0210862 0.0487298 0.678148 594
