0 0.77815 0.780483 0.0447329 0.0796276 0.791222 1
0 0.240413 0.813473 0.0182447 0.0601728 0.688877 2
0 0.416144 0.586205 0.0173259 0.0417879 0.703135 6
0 0.628626 0.469683 0.0536933 0.0642845 0.563644 13
0 0.500435 0.871958 0.0164099 0.0457702 0.756468 16
0 0.632857 0.830508 0.0350179 0.0636048 0.425312 18
0 0.68831 0.835613 0.0219793 0.059438 0.730213 21
0 0.823299 0.652639 0.0252414 0.0635789 0.533448 60
0 0.736431 0.694192 0.107139 0.148066 0.802538 63
0 0.318091 0.618021 0.0162792 0.0394541 0.486581 68
0 0.861338 0.569015 0.05908 0.086536 0.611426 80
0 0.654346 0.680695 0.0278186 0.0751441 0.449307 95
0 0.461539 0.756326 0.0189428 0.0384568 0.654841 98
0 0.579645 0.714787 0.0182771 0.0437606 0.643631 102
0 0.123997 0.735505 0.0754545 0.225812 0.343675 128
0 0.918477 0.886104 0.0187836 0.0380103 0.746224 163
0 0.972316 0.745682 0.054347 0.105587 0.406088 185
0 0.356202 0.516927 0.081129 0.126381 0.736176 189
0 0.828477 0.547533 0.0218697 0.0527012 0.611587 260
0 0.642687 0.125174 0.0958039 0.152444 0.85784 274
0 0.580541 0.582065 0.0245679 0.0539743 0.723739 299
0 0.871204 0.483397 0.020275 0.0546258 0.493078 312
0 0.33823 0.2776 0.0703613 0.138922 0.660183 329
0 0.410516 0.274147 0.0547789 0.105109 0.70372 337
0 0.450886 0.822724 0.0192355 0.0510812 0.688529 58
0 0.46239 0.713414 0.019915 0.0311003 0.640972 89
0 0.610324 0.716256 0.0183062 0.0481646 0.764259 370
0 0.460935 0.626164 0.0192139 0.0379794 0.626214 380
0 0.725671 0.127282 0.0476823 0.0829871 0.529803 386
0 0.457924 0.673347 0.0200778 0.0383711 0.682438 54
0 0.386096 0.795853 0.0272785 0.0542451 0.523248 424
0 0.0591123 0.708044 0.0208262 0.0711365 0.587563 434
0 0.515473 0.65535 0.0659069 0.144398 0.775795 3
0 0.589172 0.814602 0.0240615 0.0551403 0.714886 127
0 0.609337 0.908283 0.0163339 0.0491056 0.506662 86
0 0.687961 0.424893 0.0297162 0.0719574 0.676011 101
0 0.330805 0.668716 0.0153278 0.0372385 0.667247 170
0 0.599051 0.532809 0.0179652 0.0434033 0.693687 448
0 0.576945 0.655194 0.0221961 0.0551359 0.385415 455
0 0.728606 0.405551 0.019758 0.0526266 0.712524 456
0 0.367023 0.626013 0.0529649 0.100192 0.433236 465
0 0.194593 0.821812 0.0190989 0.062545 0.566445 470
0 0.114011 0.476366 0.0229495 0.0591844 0.432216 480
0 0.552429 0.718938 0.0188126 0.0460592 0.750603 140
0 0.748651 0.543752 0.0693808 0.114749 0.717099 92
0 0.561589 0.771459 0.0227081 0.0553241 0.643371 139
0 0.506967 0.815653 0.015133 0.0435329 0.551552 507
0 0.453524 0.238082 0.0206733 0.0486586 0.70243 514
0 0.805865 0.420967 0.0182429 0.044675 0.720235 521
0 0.636337 0.581287 0.051299 0.112868 0.560175 523
0 0.544871 0.217175 0.0871017 0.15565 0.809575 31
0 0.771708 0.422152 0.0293068 0.0656232 0.441352 269
0 0.397082 0.665986 0.0254486 0.0548886 0.620475 556
0 0.448852 0.438369 0.0704986 0.206659 0.786268 562
0 0.579551 0.29178 0.0578051 0.100341 0.595785 563
0 0.698066 0.532575 0.0168843 0.0368511 0.723415 582
0 0.957418 0.546154 0.0832777 0.173414 0.813242 594
0 0.600881 0.350763 0.0226347 0.0574678 0.748519 225
0 0.563667 0.506681 0.0446095 0.072399 0.314427 27
0 0.833928 0.381768 0.021895 0.0569504 0.65159 272
0 0.484822 0.536723 0.0193632 0.0492781 0.673018 600
0 0.803813 0.361052 0.01663 0.0427319 0.73575 601
0 0.509792 0.425223 0.0209824 0.0458703 0.648795 603
0 0.209202 0.215471 0.099492 0.193116 0.792124 604
0 0.897781 0.394228 0.0165691 0.0365079 0.780142 620
0 0.268069 0.415435 0.0274448 0.0547316 0.438314 624
0 0.494 0.135982 0.0538918 0.113339 0.744648 625
0 0.499876 0.365136 0.0180441 0.0623912 0.604394 627
0 0.199282 0.551907 0.0450943 0.101952 0.532601 628
0 0.446684 0.18689 0.0170666 0.0426223 0.679792 630
0 0.552779 0.408729 0.0477311 0.0951381 0.490276 14
0 0.843001 0.261053 0.101126 0.125811 0.8387 249
0 0.908029 0.432657 0.0202517 0.0436394 0.74332 656
0 0.141394 0.386245 0.018896 0.0576375 0.633972 670
0 0.231085 0.468655 0.0383331 0.0807109 0.406996 673
0 0.902452 0.485695 0.0160848 0.0396508 0.740841 674
0 0.0773122 0.425602 0.0251411 0.0713722 0.455041 675
0 0.521512 0.375862 0.0196751 0.0362796 0.487543 682
0 0.16177 0.449946 0.0445968 0.087082 0.570216 687
0 0.17204 0.673126 0.0200322 0.0607455 0.648851 691
0 0.373306 0.106689 0.0428573 0.0779829 0.423167 692
0 0.517972 0.498457 0.0237795 0.0746631 0.544418 700
0 0.241057 0.639492 0.0183208 0.05529 0.675885 221
0 0.828314 0.466523 0.030931 0.0557839 0.482358 219
0 0.291687 0.560542 0.0390385 0.0759657 0.451375 476
0 0.43563 0.657973 0.0178765 0.0283556 0.732521 534
0 0.398066 0.159711 0.0175055 0.0438873 0.672479 704
0 0.299153 0.174842 0.017041 0.0418245 0.592993 709
0 0.579948 0.10595 0.0173702 0.0429897 0.674667 710
0 0.438419 0.137635 0.0191626 0.0456135 0.59801 711
0 0.379947 0.198334 0.0163693 0.0405333 0.768815 712
0 0.313502 0.127926 0.0253919 0.0663775 0.631992 713
0 0.346172 0.784818 0.014713 0.0351325 0.345566 714
0 0.249888 0.33396 0.021047 0.0464535 0.607308 715
0 0.532893 0.319547 0.0132193 0.0291234 0.655824 716
0 0.537451 0.107786 0.0165321 0.0449786 0.580074 717
0 0.697598 0.597015 0.0189204 0.03374 0.569048 718
0 0.263198 0.733644 0.0213525 0.067482 0.589152 724
0 0.218341 0.373933 0.021389 0.0635409 0.587624 729
0 0.427668 0.351929 0.0135011 0.0387652 0.662165 732
0 0.281613 0.476978 0.0276523 0.0707096 0.51816 733
0 0.243057 0.535987 0.0152183 0.043282 0.630067 765
0 0.887892 0.295051 0.0144668 0.035887 0.634848 369
0 0.809578 0.72918 0.0193655 0.0434635 0.723473 373
0 0.547972 0.8734 0.0166206 0.0565936 0.493822 113
0 0.0813991 0.648906 0.0191807 0.0609022 0.392222 464
0 0.374128 0.4014 0.0571633 0.100208 0.693722 775
0 0.126731 0.540784 0.0188867 0.0683319 0.538465 776
0 0.925968 0.461262 0.0170041 0.040378 0.71565 780
0 0.981766 0.655783 0.0236303 0.0425012 0.726419 784
0 0.908138 0.613822 0.0240287 0.0482591 0.633568 785
0 0.207102 0.646204 0.0195936 0.0675988 0.552086 786
0 0.62731 0.763684 0.0209044 0.0574443 0.639153 789
0 0.53357 0.863143 0.0146649 0.0470848 0.518677 800
0 0.471816 0.289082 0.0341563 0.0621933 0.444083 805
0 0.658181 0.247086 0.0686094 0.105226 0.555661 806
0 0.0673717 0.55267 0.0513073 0.124778 0.595056 807
0 0.952956 0.308355 0.0842047 0.195647 0.781482 811
0 0.198805 0.451894 0.0131853 0.0421647 0.44641 819
0 0.757082 0.337973 0.0431659 0.0687571 0.490785 302
0 0.943638 0.631175 0.0132952 0.0360545 0.584975 72
0 0.893164 0.669102 0.0225017 0.0677945 0.499922 467
0 0.585315 0.762567 0.0189429 0.0418975 0.590527 105
0 0.396921 0.566159 0.0162146 0.040177 0.750172 477
0 0.299858 0.333025 0.01215 0.0349744 0.410649 327
0 0.275864 0.836064 0.0189803 0.0539308 0.615522 44
0 0.80182 0.50918 0.0151795 0.0408758 0.618106 228
0 0.77128 0.269188 0.0190748 0.0530707 0.704943 824
0 0.63223 0.353287 0.0162165 0.0302851 0.792076 827
0 0.823582 0.146561 0.0587193 0.087706 0.356154 828
0 0.127825 0.265974 0.0488329 0.084594 0.814392 829
0 0.338095 0.098017 0.014311 0.0385481 0.356493 830
0 0.445935 0.577955 0.0199794 0.0517692 0.593892 832
0 0.310215 0.376603 0.0231562 0.0596096 0.621116 833
0 0.840421 0.505453 0.013884 0.0246702 0.602657 840
0 0.373183 0.18051 0.0596804 0.0567318 0.731952 845
0 0.694723 0.312771 0.040315 0.0719254 0.455864 847
0 0.263588 0.800854 0.0146729 0.0474636 0.554185 848
0 0.173475 0.381189 0.0190027 0.0469619 0.676889 850
0 0.300689 0.428477 0.0141936 0.0374711 0.471703 852
0 0.156217 0.590552 0.0121163 0.0481177 0.526098 854
0 0.466741 0.56855 0.0215852 0.0595555 0.45726 855
0 0.874897 0.351087 0.0495026 0.0818965 0.479201 861
0 0.960613 0.84339 0.016698 0.0427758 0.653682 234
0 0.897605 0.164392 0.0240395 0.0551062 0.418838 865
0 0.620235 0.409685 0.0193738 0.0488262 0.69722 867
0 0.717421 0.481685 0.0291437 0.0660157 0.59573 868
0 0.592488 0.443238 0.014905 0.0318283 0.743374 869
0 0.524756 0.0646786 0.0179469 0.0526168 0.628122 870
0 0.736967 0.0588609 0.0137365 0.0368781 0.522704 871
0 0.715089 0.0482057 0.0180246 0.0486162 0.745607 873
0 0.687341 0.175888 0.0161276 0.0422953 0.629135 874
0 0.455797 0.0505722 0.0897171 0.0883721 0.783929 875
0 0.564042 0.0517781 0.0249796 0.0633381 0.616531 877
0 0.203848 0.764003 0.0149889 0.0446747 0.58433 878
0 0.864394 0.171055 0.0145801 0.0406047 0.66774 879
0 0.848886 0.195992 0.013225 0.0325835 0.322837 883
0 0.779182 0.369293 0.0124486 0.0268009 0.507689 884
0 0.746901 0.193983 0.0366544 0.0679228 0.518232 886
0 0.360186 0.176493 0.026272 0.0539146 0.470042 887
0 0.666766 0.402651 0.0156635 0.033333 0.614338 888
0 0.658728 0.875969 0.0181207 0.0538628 0.787612 56
0 0.590426 0.406385 0.0134403 0.0321247 0.732304 721
0 0.649564 0.386949 0.0182203 0.0459594 0.762741 901
0 0.295815 0.0935919 0.0160596 0.0375779 0.629798 902
0 0.941531 0.890349 0.0139579 0.0300987 0.691021 905
0 0.323168 0.425242 0.0155012 0.0389208 0.712378 907
0 0.760632 0.106663 0.0137627 0.0362605 0.585612 909
0 0.418123 0.631802 0.0146632 0.0306841 0.595677 910
0 0.574285 0.45566 0.018238 0.0295577 0.574259 912
0 0.738049 0.27267 0.014503 0.0273364 0.504078 917
0 0.407901 0.355001 0.0136676 0.036943 0.620997 919
0 0.786482 0.460895 0.0149528 0.0357699 0.500406 648
0 0.368415 0.323267 0.0119745 0.0394235 0.521961 744
0 0.435594 0.618904 0.0165305 0.0251198 0.612649 921
0 0.789003 0.341018 0.0127641 0.0251058 0.490606 934
0 0.740839 0.304052 0.0138193 0.0268885 0.509775 943
0 0.416037 0.171473 0.0176237 0.0337368 0.416251 725
0 0.372746 0.687137 0.0163778 0.0360596 0.57572 760
0 0.750313 0.773181 0.0152415 0.0354197 0.3309 84
0 0.685975 0.622248 0.0128893 0.0315572 0.365669 59
0 0.345019 0.711394 0.0193725 0.0458265 0.704467 475
0 0.251372 0.579401 0.0192667 0.0486504 0.690235 681
0 0.367415 0.789151 0.0251622 0.0713712 0.571455 679
0 0.545099 0.355717 0.0124014 0.032746 0.600877 768
0 0.429082 0.706087 0.0199037 0.0524164 0.529588 517
