0 0.581611 0.663863 0.0519678 0.114189 0.41905 274
0 0.655958 0.594072 0.0582674 0.105007 0.602778 386
0 0.804329 0.834779 0.0232295 0.0567606 0.585307 620
0 0.700633 0.804467 0.0909956 0.153645 0.601196 249
0 0.469586 0.898013 0.0168024 0.0472095 0.435032 717
0 0.520103 0.876043 0.0242081 0.0678422 0.641693 806
0 0.892656 0.649519 0.0257815 0.0595615 0.688528 811
0 0.499813 0.263175 0.0762609 0.0678878 0.745188 302
0 0.718623 0.603022 0.0196442 0.0659764 0.657375 828
0 0.778973 0.571539 0.0563851 0.120295 0.300206 865
0 0.638143 0.52251 0.0170775 0.0519683 0.423196 873
0 0.39114 0.843911 0.0220039 0.0787017 0.550676 875
0 0.746532 0.682839 0.0218475 0.0532112 0.673122 879
0 0.662681 0.668666 0.0458689 0.075873 0.434752 886
0 0.689659 0.531892 0.014953 0.0442965 0.540739 909
0 0.803788 0.704674 0.0229697 0.0612348 0.50147 906
0 0.762353 0.423367 0.118029 0.20609 0.831024 174
0 0.44306 0.609785 0.0232342 0.0674527 0.546287 1049
0 0.902327 0.449308 0.071653 0.114951 0.647646 1065
0 0.454501 0.24443 0.0588061 0.105454 0.533606 480
0 0.493282 0.367358 0.0162022 0.0462574 0.621392 1143
0 0.71903 0.297189 0.0331398 0.0773509 0.550279 1153
0 0.615844 0.391517 0.0219006 0.0618432 0.650864 1161
0 0.35643 0.543746 0.0709118 0.124784 0.577544 1195
0 0.64676 0.329617 0.0159232 0.0507371 0.712688 1198
0 0.858313 0.357847 0.0145229 0.0401571 0.61645 1205
0 0.521198 0.298571 0.0549984 0.0852088 0.571673 1247
0 0.556167 0.381701 0.0718712 0.107859 0.798405 93
0 0.75157 0.277102 0.0169485 0.0425285 0.592446 1254
0 0.230308 0.507793 0.0748623 0.140805 0.767633 1255
0 0.614608 0.249323 0.0595314 0.135161 0.728916 1258
0 0.394556 0.390941 0.0194839 0.0675125 0.584276 1264
0 0.701994 0.266648 0.0166846 0.0360233 0.423652 1285
0 0.732153 0.238014 0.0156689 0.0345881 0.731651 1287
0 0.430053 0.370944 0.029846 0.08131 0.334142 1304
0 0.475901 0.317759 0.0199947 0.0635134 0.604995 1312
0 0.57067 0.298235 0.0152369 0.0443657 0.651917 1334
0 0.309823 0.772904 0.0217818 0.0722195 0.663496 1226
0 0.689439 0.210503 0.0592136 0.0982882 0.704761 1345
0 0.311197 0.362204 0.0183205 0.0591954 0.642225 1393
0 0.909946 0.350618 0.0159686 0.0467312 0.675079 1414
0 0.672549 0.405575 0.0186707 0.0573858 0.715292 1420
0 0.753804 0.228488 0.0166003 0.0383092 0.697599 1428
0 0.390361 0.285189 0.0199136 0.0639997 0.367472 1429
0 0.737121 0.186758 0.0193274 0.0535237 0.742418 1442
0 0.92503 0.576939 0.0253907 0.0619861 0.474061 1447
0 0.675108 0.471411 0.0263191 0.0640437 0.399484 1041
0 0.435347 0.538497 0.022468 0.064158 0.679621 1365
0 0.344564 0.454271 0.0198236 0.0591337 0.474873 1469
0 0.311225 0.432015 0.024183 0.0629015 0.616603 1470
0 0.162629 0.610206 0.0170352 0.0607445 0.680454 1472
0 0.276368 0.761902 0.0196051 0.0671125 0.534327 1473
0 0.678142 0.294401 0.0180549 0.0479167 0.659319 1199
0 0.206585 0.681223 0.028758 0.0871389 0.372313 1266
0 0.826526 0.456104 0.0656561 0.114031 0.45646 1032
0 0.829881 0.570849 0.0483624 0.0831471 0.362767 1514
0 0.575057 0.168046 0.0506457 0.101827 0.681406 1515
0 0.341533 0.237445 0.0603674 0.0953047 0.724133 907
0 0.417421 0.173114 0.0678056 0.130162 0.761214 1537
0 0.803656 0.228129 0.0190208 0.0571739 0.618736 1552
0 0.247574 0.723311 0.0311004 0.0801167 0.529397 988
0 0.308693 0.589336 0.0186431 0.0652108 0.574403 1056
0 0.522521 0.161821 0.0428296 0.0962702 0.464062 1562
0 0.377041 0.615463 0.0167202 0.0531556 0.509105 1567
0 0.656291 0.27853 0.0148016 0.0391268 0.725735 1584
0 0.244164 0.665373 0.0167123 0.0420798 0.435516 1602
0 0.461845 0.499611 0.0172341 0.0443507 0.635493 1359
0 0.591397 0.538479 0.0249429 0.0810551 0.540369 1402
0 0.904899 0.252735 0.116247 0.182501 0.735337 1632
0 0.563483 0.825658 0.018959 0.0511522 0.522324 888
0 0.61069 0.862225 0.0234708 0.0662925 0.557927 917
0 0.310692 0.696165 0.0167667 0.0581819 0.470559 1655
0 0.811594 0.155166 0.0204644 0.0577306 0.540198 1656
0 0.47976 0.133539 0.0202998 0.0490633 0.567419 1658
0 0.956375 0.331303 0.0651424 0.105623 0.645617 1664
0 0.114695 0.478855 0.0195063 0.0697888 0.56858 1666
0 0.414908 0.724978 0.0589478 0.123477 0.524235 1150
0 0.513301 0.800385 0.016673 0.049388 0.4855 706
0 0.356564 0.824039 0.0216524 0.0694127 0.466017 1174
0 0.712791 0.0708794 0.0533174 0.108216 0.693905 1129
0 0.84418 0.701679 0.0217287 0.0490615 0.610979 1691
0 0.398148 0.653065 0.0190783 0.0585032 0.557039 1693
0 0.27295 0.607917 0.0190961 0.0719066 0.521485 1708
0 0.441303 0.456155 0.0257036 0.0656067 0.543202 1717
0 0.866837 0.818017 0.0235944 0.0538682 0.684918 76
0 0.492735 0.578102 0.0330712 0.0808406 0.491879 1332
0 0.500044 0.658871 0.020633 0.0645232 0.487577 710
0 0.888026 0.54277 0.0207217 0.0514686 0.709823 1731
0 0.918287 0.69238 0.0241914 0.0530305 0.67741 1735
0 0.938833 0.637468 0.0217023 0.0526594 0.668504 1738
0 0.773603 0.175196 0.01758 0.0464972 0.655696 1739
0 0.915026 0.517487 0.0198782 0.0509128 0.721892 1743
0 0.967025 0.425313 0.018019 0.0466432 0.734876 1744
0 0.96813 0.510106 0.0457302 0.101326 0.334675 1745
0 0.410362 0.443307 0.0164614 0.0480828 0.639643 1756
0 0.888234 0.594444 0.018625 0.0392212 0.681736 1758
0 0.482866 0.18404 0.0146814 0.036913 0.467299 1770
0 0.37555 0.451972 0.0145762 0.0505961 0.437271 1277
0 0.798514 0.789123 0.0249268 0.0521319 0.711298 369
0 0.36356 0.355459 0.0224241 0.0733946 0.543263 1775
0 0.982886 0.816733 0.0197066 0.0480783 0.539172 1778
0 0.129225 0.359238 0.0523184 0.129397 0.649913 1779
0 0.853271 0.599578 0.023223 0.0512643 0.518519 1781
0 0.409892 0.592482 0.0208976 0.0539225 0.486021 1783
0 0.354041 0.648305 0.0190702 0.072161 0.354284 1784
0 0.588288 0.82338 0.0188048 0.0537271 0.706212 1787
0 0.866074 0.741449 0.0434311 0.074902 0.444403 1799
0 0.381451 0.708652 0.0128034 0.0424523 0.329846 1808
0 0.928631 0.899167 0.0223186 0.0476472 0.698987 1516
0 0.644133 0.0576165 0.0736056 0.0981621 0.587312 1817
0 0.792263 0.0820674 0.0648278 0.0979029 0.735804 1823
0 0.337687 0.326962 0.0149128 0.0453693 0.492493 1826
0 0.868349 0.146935 0.0141634 0.0406398 0.704369 1832
0 0.235533 0.594666 0.0151311 0.0510354 0.541498 1518
0 0.171568 0.524301 0.0219207 0.0853037 0.402273 1521
0 0.844234 0.90436 0.0164658 0.0433402 0.368658 780
0 0.511584 0.625871 0.0190361 0.0562513 0.371148 1057
0 0.840939 0.349842 0.0134793 0.0331703 0.534472 1357
0 0.423681 0.808695 0.0157611 0.0492256 0.685028 1848
0 0.184442 0.313183 0.0561397 0.138698 0.633558 1849
0 0.21752 0.190807 0.0198342 0.0669573 0.593373 1852
0 0.852694 0.651614 0.016802 0.0374442 0.607128 1856
0 0.553569 0.632273 0.0144047 0.0440861 0.63412 1861
0 0.592792 0.657924 0.0197797 0.0585956 0.489409 1864
0 0.282798 0.161154 0.0217295 0.0672707 0.68915 1869
0 0.830206 0.659809 0.0183477 0.0461641 0.706843 883
0 0.785939 0.664236 0.0223417 0.0443506 0.642844 1340
0 0.467561 0.74566 0.0259312 0.0961144 0.577101 945
0 0.746631 0.634596 0.0142509 0.0334877 0.431229 1204
0 0.466829 0.647587 0.0160234 0.0448395 0.361644 1308
0 0.244966 0.287966 0.0779762 0.147178 0.795984 874
0 0.829848 0.229173 0.0115761 0.0358904 0.401724 1767
0 0.547475 0.552347 0.0232389 0.0777969 0.500269 994
0 0.566468 0.248806 0.0122697 0.0383658 0.400304 999
0 0.331365 0.842939 0.0339202 0.100179 0.453717 1202
0 0.906737 0.862574 0.0172795 0.0410892 0.714598 946
0 0.245912 0.134358 0.0241857 0.0640782 0.591475 950
0 0.560258 0.872558 0.0152158 0.0298211 0.459847 1053
0 0.805235 0.921205 0.0168779 0.047541 0.407638 656
0 0.255195 0.412678 0.0197444 0.049902 0.418899 1525
0 0.286261 0.396398 0.0155947 0.0541309 0.341464 1415
0 0.92312 0.749841 0.0310535 0.0564316 0.424434 1563
0 0.0960061 0.721852 0.0124223 0.0468761 0.338257 1589
0 0.979967 0.658344 0.0400662 0.106085 0.495993 1564
