0 0.664043 0.896084 0.0210751 0.0617644 0.742546 828
0 0.746522 0.796709 0.0548413 0.0930771 0.419245 865
0 0.717179 0.575916 0.1265 0.215698 0.84222 174
0 0.880282 0.58838 0.0595686 0.108328 0.662245 1065
0 0.418473 0.489912 0.0563849 0.114525 0.61978 480
0 0.462448 0.617647 0.015271 0.044934 0.459825 1143
0 0.663801 0.478835 0.0350242 0.0806492 0.560961 1153
0 0.590253 0.571526 0.0235032 0.0572182 0.592836 1198
0 0.820566 0.502906 0.0123441 0.0341553 0.3458 1205
0 0.484621 0.544539 0.0471954 0.0958717 0.491139 1247
0 0.520319 0.64197 0.0734005 0.145377 0.781571 93
0 0.700518 0.453533 0.0189177 0.0445541 0.640725 1254
0 0.598463 0.433906 0.101944 0.170871 0.820617 1258
0 0.351339 0.702132 0.0176829 0.0491274 0.521891 1264
0 0.422778 0.196218 0.119988 0.195087 0.842887 1285
0 0.391156 0.655249 0.0280056 0.0699328 0.520673 1304
0 0.53007 0.530286 0.0170702 0.0411315 0.59158 1334
0 0.280749 0.669149 0.0135832 0.0373813 0.453533 1393
0 0.869653 0.488589 0.0174234 0.0496327 0.70638 1414
0 0.619893 0.641968 0.0232298 0.0599669 0.688978 1420
0 0.411648 0.172118 0.0824245 0.10779 0.806206 1428
0 0.360791 0.561541 0.0261309 0.0799171 0.499893 1429
0 0.678529 0.371568 0.0238709 0.0531627 0.737625 1442
0 0.906245 0.718144 0.0252387 0.0598773 0.401229 1447
0 0.62947 0.703971 0.0248241 0.0720672 0.331483 1041
0 0.386322 0.841837 0.0228236 0.0731474 0.430842 1365
0 0.31265 0.771431 0.0175682 0.0567502 0.574363 1469
0 0.29123 0.771054 0.0151957 0.0517997 0.59702 1470
0 0.614354 0.51772 0.0234974 0.0584611 0.501411 1199
0 0.81299 0.588147 0.0564118 0.126435 0.67542 1032
0 0.780911 0.74025 0.0183304 0.0416423 0.589567 1514
0 0.531589 0.388402 0.0506316 0.106253 0.539315 1515
0 0.288337 0.444432 0.0374792 0.0830259 0.51315 907
0 0.374293 0.432901 0.0638707 0.151739 0.745808 1537
0 0.735416 0.424137 0.0235047 0.0583229 0.698532 1552
0 0.475666 0.377104 0.0382098 0.126104 0.430106 1562
0 0.898885 0.281648 0.183923 0.239857 0.564871 1632
0 0.757035 0.3034 0.0241473 0.0571535 0.580847 1656
0 0.432956 0.378883 0.0217651 0.0605866 0.673577 1658
0 0.919371 0.47109 0.0623836 0.113926 0.758009 1664
0 0.671076 0.267176 0.0642672 0.116589 0.689898 1129
0 0.787836 0.879357 0.0224436 0.0544123 0.503924 1691
0 0.40782 0.736535 0.0171454 0.0440863 0.708679 1717
0 0.859702 0.734582 0.0224033 0.0563081 0.558353 1731
0 0.910308 0.784828 0.0159061 0.0425465 0.657587 1738
0 0.720078 0.350299 0.0230807 0.0548093 0.594133 1739
0 0.882998 0.673179 0.0207995 0.054706 0.752158 1743
0 0.939668 0.557331 0.0172443 0.0433139 0.754576 1744
0 0.977234 0.642521 0.0441221 0.10974 0.67904 1745
0 0.334502 0.642418 0.017295 0.0490515 0.435569 1775
0 0.802856 0.785682 0.02603 0.0557369 0.668923 1781
0 0.622306 0.186066 0.116857 0.189345 0.755662 1817
0 0.79405 0.186838 0.123456 0.150971 0.776169 1823
0 0.306872 0.623539 0.0184833 0.0547496 0.716794 1826
0 0.801271 0.501401 0.0150214 0.0380894 0.550079 1357
0 0.207006 0.454171 0.0202215 0.0627826 0.619264 1852
0 0.804213 0.840515 0.0158173 0.0331353 0.564854 1856
0 0.247522 0.425827 0.0246599 0.0731567 0.596349 1869
0 0.306234 0.52505 0.0633223 0.100943 0.739292 1308
0 0.19888 0.602727 0.0443529 0.0829879 0.552875 874
0 0.541796 0.261295 0.0193341 0.0495904 0.663729 1895
0 0.312606 0.364159 0.0244966 0.0624921 0.659557 1896
0 0.460539 0.735434 0.0175741 0.04908 0.61821 1897
0 0.409495 0.343888 0.0146293 0.0442967 0.300653 1923
0 0.962702 0.754968 0.0682556 0.102121 0.751457 1564
0 0.682394 0.17711 0.0226369 0.0509414 0.681557 1930
0 0.225948 0.368668 0.0232461 0.0657328 0.72529 1931
0 0.618571 0.283954 0.020727 0.0597531 0.623019 1948
0 0.675516 0.815406 0.0184152 0.0562848 0.733839 1959
0 0.311437 0.215086 0.0177446 0.0486177 0.683435 1961
0 0.23269 0.293103 0.0180681 0.0503505 0.682849 1964
0 0.527946 0.20008 0.0465608 0.0828748 0.627049 1966
0 0.262486 0.22905 0.0500669 0.0673954 0.66926 1978
0 0.973252 0.56869 0.0152913 0.0349306 0.639386 1989
0 0.2091 0.517987 0.0162645 0.0454924 0.512389 1990
0 0.199906 0.286727 0.0189198 0.0521512 0.614172 1993
0 0.456595 0.674436 0.0133249 0.0366284 0.380212 1994
0 0.276653 0.31244 0.0591163 0.0968781 0.710704 2002
0 0.254923 0.49275 0.0138908 0.0308339 0.484488 2006
0 0.927071 0.635452 0.042766 0.0964059 0.578926 2016
0 0.631789 0.582285 0.0192271 0.0544825 0.678808 1144
0 0.562861 0.792998 0.0146526 0.0384103 0.656223 1402
0 0.768068 0.41726 0.0238241 0.0491532 0.337508 1767
0 0.208833 0.789653 0.018583 0.0397715 0.410834 1525
0 0.372053 0.125693 0.0934211 0.185126 0.821259 2021
0 0.504408 0.318396 0.0260977 0.0580849 0.645076 2027
0 0.299998 0.173366 0.0172264 0.0462488 0.659927 2033
0 0.83153 0.665395 0.0265297 0.0643004 0.595628 2036
0 0.496301 0.75829 0.0219225 0.0540528 0.601849 1348
0 0.571839 0.639569 0.0185916 0.0503428 0.630189 1122
0 0.660257 0.205853 0.0179328 0.0412048 0.575159 1943
0 0.910897 0.878291 0.0210468 0.0490261 0.526694 2048
0 0.737366 0.106074 0.021936 0.0432995 0.722577 2050
0 0.976045 0.526792 0.0159695 0.0359229 0.61985 2055
0 0.590672 0.306448 0.0128197 0.0362562 0.30785 2058
0 0.773847 0.358854 0.0280946 0.0566726 0.636905 2063
0 0.172345 0.415007 0.0480081 0.0896063 0.560521 2067
0 0.494505 0.872297 0.0215956 0.0540971 0.548518 994
0 0.604654 0.875139 0.0207428 0.0533802 0.67635 1950
0 0.7122 0.0755497 0.0217342 0.0434397 0.728117 2077
0 0.118892 0.439372 0.0422741 0.10271 0.437189 2078
0 0.601582 0.0843838 0.07037 0.115064 0.655102 2083
0 0.175836 0.517325 0.0243681 0.0741118 0.577695 2084
0 0.420772 0.84467 0.0245309 0.0721755 0.541391 2085
0 0.236985 0.586655 0.0211732 0.0610073 0.630781 2090
0 0.542067 0.797188 0.0156559 0.0394085 0.691414 1864
0 0.567146 0.896723 0.0180099 0.0593395 0.679038 274
0 0.794581 0.328793 0.0157977 0.0326358 0.509885 1901
0 0.541633 0.0597701 0.062229 0.100932 0.695027 2113
0 0.709664 0.144556 0.0197384 0.0424461 0.548563 2114
0 0.460002 0.835185 0.0217156 0.0586764 0.661008 2128
0 0.326685 0.308145 0.015141 0.04224 0.424844 2147
0 0.221113 0.186465 0.029184 0.066844 0.656124 2149
0 0.474867 0.641585 0.0165595 0.0506778 0.433114 2153
0 0.550637 0.834536 0.016177 0.0281617 0.624726 1861
0 0.440115 0.569713 0.0228741 0.0672985 0.523858 1312
0 0.0937069 0.599555 0.0194382 0.0629595 0.444305 2005
0 0.345153 0.768143 0.0180644 0.04342 0.591309 1375
0 0.837256 0.249866 0.023928 0.0487321 0.531382 1832
0 0.787025 0.961253 0.020214 0.0538851 0.434684 230
0 0.75472 0.878902 0.0129669 0.0299884 0.593237 1340
0 0.229325 0.780488 0.0152802 0.0481858 0.579526 1255
0 0.855434 0.906026 0.0295461 0.0477351 0.450338 1799
0 0.360996 0.798413 0.0174444 0.0381098 0.529846 1934
0 0.627049 0.868153 0.0132859 0.0343744 0.599173 386
0 0.673013 0.420136 0.0168963 0.0293707 0.379963 1287
0 0.437763 0.89994 0.0263488 0.0614231 0.620827 1332
0 0.0973923 0.530415 0.0189459 0.0627146 0.496989 2001
