0 0.891045 0.474565 0.0947272 0.187283 0.805676 1
0 0.283254 0.124126 0.0827703 0.141058 0.700474 2
0 0.446686 0.601273 0.065116 0.179394 0.660345 4
0 0.964843 0.493746 0.0692667 0.202537 0.789032 5
0 0.467655 0.0645813 0.0603051 0.113547 0.772107 6
0 0.74399 0.365298 0.0195248 0.0510627 0.577228 7
0 0.383624 0.158264 0.0781747 0.116069 0.618739 8
0 0.464321 0.261869 0.0199608 0.0614503 0.58432 9
0 0.393947 0.479743 0.0227082 0.0774011 0.573559 10
0 0.812214 0.723617 0.0149108 0.037594 0.68122 11
0 0.846294 0.693222 0.0234894 0.0602908 0.75094 12
0 0.732467 0.126188 0.0874886 0.142808 0.540739 13
0 0.636338 0.142516 0.0220273 0.0668072 0.681585 14
0 0.718413 0.94613 0.0173853 0.0446879 0.638698 15
0 0.59839 0.319116 0.0920598 0.142415 0.77739 16
0 0.333002 0.258574 0.0203935 0.0681802 0.641222 17
0 0.762734 0.307591 0.0220704 0.0613633 0.728916 18
0 0.786847 0.345213 0.0223198 0.0615164 0.64505 21
0 0.97964 0.585155 0.0188622 0.0530589 0.716926 22
0 0.946498 0.61911 0.0159917 0.0417011 0.728475 23
0 0.807747 0.743876 0.0223411 0.0644581 0.522698 24
0 0.953982 0.700366 0.0188995 0.0491964 0.794783 26
0 0.667621 0.0826649 0.0173986 0.0509676 0.755756 27
0 0.369043 0.249988 0.0164902 0.0618211 0.59345 28
0 0.703646 0.345531 0.0194036 0.0604796 0.535006 29
0 0.628141 0.526858 0.0447891 0.156832 0.451176 30
0 0.595343 0.0659241 0.140342 0.124286 0.72736 31
0 0.88055 0.673756 0.0172616 0.0478064 0.671467 32
0 0.253181 0.24362 0.0229566 0.0762164 0.597399 33
0 0.239262 0.559116 0.0198203 0.0655129 0.622167 34
0 0.750589 0.853637 0.0417208 0.0921295 0.30651 35
0 0.179287 0.430113 0.0245475 0.0928884 0.46483 36
0 0.345789 0.539922 0.0214222 0.0691515 0.669114 37
0 0.276137 0.32931 0.0578488 0.111135 0.708942 38
0 0.691627 0.867143 0.0208092 0.0637104 0.782058 39
0 0.905229 0.742026 0.023654 0.0688568 0.566338 40
0 0.661968 0.338172 0.0218951 0.0656312 0.626654 42
0 0.155895 0.359511 0.0162374 0.0511841 0.698367 43
0 0.391765 0.350754 0.0998598 0.202322 0.563775 44
0 0.806425 0.498996 0.0530754 0.116696 0.576521 45
0 0.363194 0.486881 0.0148099 0.0574195 0.383306 46
0 0.95274 0.37363 0.0191103 0.0468809 0.59051 47
0 0.540004 0.393521 0.0144838 0.0438166 0.419494 48
0 0.373132 0.834162 0.0177924 0.0449805 0.427996 49
0 0.525832 0.284327 0.0247155 0.064642 0.676628 50
0 0.821583 0.808921 0.0613963 0.0971082 0.540511 51
0 0.940944 0.886184 0.0139272 0.0379476 0.560634 52
0 0.762029 0.84897 0.0292791 0.0777435 0.511093 53
0 0.365185 0.787826 0.0201769 0.0569699 0.721051 55
0 0.724124 0.547732 0.0773709 0.246416 0.679079 56
0 0.670005 0.39212 0.0123034 0.0329986 0.518139 57
0 0.809129 0.247643 0.0330936 0.074591 0.413006 59
0 0.929431 0.317981 0.0219595 0.0668696 0.539309 60
0 0.86372 0.304214 0.101476 0.171356 0.771092 63
0 0.228271 0.343919 0.0202245 0.0779174 0.503993 64
0 0.274787 0.488515 0.0214699 0.0780679 0.535042 65
0 0.362708 0.629133 0.025016 0.0790696 0.695754 67
0 0.379354 0.0353984 0.0223647 0.059718 0.45418 68
0 0.791325 0.718967 0.0176176 0.0472281 0.538529 69
0 0.98291 0.362034 0.0139722 0.0383901 0.517354 72
0 0.973839 0.745796 0.0215643 0.0597215 0.553836 73
0 0.76651 0.0371134 0.013342 0.0386727 0.551055 76
0 0.319457 0.205974 0.0195671 0.0585462 0.563414 77
0 0.824648 0.661889 0.017549 0.0461154 0.381769 78
0 0.193029 0.572971 0.0311392 0.104594 0.481109 79
0 0.947656 0.232323 0.0260656 0.0606969 0.51107 80
0 0.664132 0.823011 0.0202892 0.0658594 0.416904 81
0 0.687266 0.425451 0.0179452 0.0415573 0.492355 82
0 0.452294 0.222971 0.0149226 0.0311212 0.609265 83
0 0.876377 0.364308 0.013861 0.042363 0.599512 84
0 0.107784 0.65839 0.0880095 0.271595 0.459757 85
0 0.716412 0.397411 0.0133664 0.0401141 0.371974 86
0 0.390591 0.576214 0.0274207 0.0835137 0.535359 91
0 0.851976 0.142372 0.0571485 0.102525 0.707382 92
0 0.304862 0.492035 0.0135917 0.0529424 0.361852 94
0 0.730457 0.221845 0.0245649 0.0601726 0.641108 95
0 0.850291 0.595817 0.0217344 0.0524902 0.666421 96
0 0.93907 0.815849 0.0404836 0.0549431 0.434422 97
0 0.51016 0.177867 0.0931112 0.111281 0.800279 98
0 0.697418 0.043805 0.0131905 0.0388368 0.528276 101
0 0.688655 0.278752 0.0158714 0.0345955 0.550081 102
0 0.287186 0.611515 0.0263035 0.087276 0.534871 103
0 0.640573 0.48764 0.0282167 0.0982651 0.3166 108
0 0.465053 0.398646 0.0701765 0.156196 0.655439 109
0 0.517779 0.434008 0.0183405 0.0595905 0.488493 111
0 0.232733 0.44321 0.0270636 0.0946179 0.427271 112
0 0.922182 0.868365 0.0159361 0.0416472 0.432058 115
0 0.43084 0.833902 0.0236348 0.0665631 0.485629 116
0 0.504534 0.683206 0.023525 0.0681136 0.414084 119
0 0.788847 0.17311 0.0464096 0.0954798 0.542032 121
0 0.570264 0.825366 0.0176656 0.0713506 0.509374 122
0 0.74209 0.681659 0.0253085 0.0609529 0.723536 123
0 0.460879 0.806285 0.0124596 0.029907 0.407285 124
0 0.456685 0.36375 0.0374091 0.0964845 0.360919 125
0 0.183379 0.278656 0.0290312 0.105382 0.346619 128
0 0.609774 0.698728 0.0128438 0.0449538 0.396101 129
0 0.726952 0.844786 0.013375 0.0355323 0.388536 130
0 0.111584 0.377985 0.0233544 0.0609965 0.696457 131
