0 0.826903 0.617442 0.121913 0.175695 0.859075 1
0 0.284983 0.392878 0.0398956 0.0603223 0.586246 2
0 0.411877 0.805665 0.02894 0.0717234 0.756588 4
0 0.950251 0.596219 0.0849797 0.210126 0.788493 5
0 0.448797 0.242181 0.0763729 0.155311 0.624205 6
0 0.716224 0.534785 0.0170182 0.0540954 0.710477 7
0 0.381102 0.401446 0.0754263 0.140347 0.683777 8
0 0.430729 0.466277 0.0155623 0.0437849 0.596303 9
0 0.716019 0.240797 0.07661 0.157072 0.622722 13
0 0.624477 0.262893 0.0242746 0.0675029 0.662652 14
0 0.571165 0.526982 0.0833815 0.164641 0.788339 16
0 0.7256 0.45866 0.0209394 0.0558925 0.727718 18
0 0.75504 0.498344 0.0235917 0.0611006 0.742584 21
0 0.293137 0.0440693 0.0848054 0.0881385 0.781111 22
0 0.935392 0.73945 0.0297367 0.0534227 0.525432 23
0 0.926577 0.860527 0.0457804 0.0643254 0.420369 26
0 0.655905 0.197736 0.0187468 0.0508607 0.786994 27
0 0.673133 0.513373 0.0343088 0.0784705 0.488853 29
0 0.608854 0.646231 0.0235915 0.0458304 0.307458 30
0 0.557823 0.126974 0.180331 0.225622 0.783862 31
0 0.230564 0.473577 0.0238922 0.0769373 0.576211 33
0 0.244529 0.558783 0.0520498 0.102883 0.412625 38
0 0.360168 0.597125 0.0370094 0.104024 0.308882 44
0 0.750855 0.595288 0.0226303 0.0547479 0.527158 45
0 0.916303 0.488568 0.0220357 0.0464821 0.750461 47
0 0.513002 0.59766 0.0183896 0.0592604 0.365722 48
0 0.507223 0.47144 0.0252282 0.0559301 0.545351 50
0 0.707018 0.661552 0.0315577 0.0836495 0.591127 56
0 0.766594 0.382312 0.0504898 0.0864039 0.752535 59
0 0.904559 0.427121 0.0255475 0.062623 0.701871 60
0 0.836231 0.415325 0.102872 0.149113 0.802785 63
0 0.19921 0.564632 0.0161628 0.0526248 0.459169 64
0 0.356021 0.218834 0.0237421 0.0575242 0.552526 68
0 0.760697 0.13511 0.0165715 0.0471922 0.683918 76
0 0.28122 0.453452 0.019393 0.0479693 0.563236 77
0 0.93459 0.327952 0.0656574 0.0958081 0.533636 80
0 0.827969 0.268445 0.0461917 0.0818528 0.525364 92
0 0.71056 0.372877 0.0246182 0.0636789 0.536048 95
0 0.522437 0.351797 0.100439 0.168124 0.687699 98
0 0.688351 0.149872 0.0158919 0.0379337 0.66992 101
0 0.672033 0.41901 0.0159423 0.0340351 0.61696 102
0 0.451488 0.627763 0.0386995 0.0889356 0.371916 109
0 0.493815 0.675062 0.0210176 0.055853 0.71387 111
0 0.439165 0.861149 0.021827 0.0502969 0.545791 119
0 0.765458 0.296462 0.0391947 0.0796453 0.507227 121
0 0.179349 0.219551 0.0807974 0.169423 0.778443 128
0 0.649359 0.407128 0.0402269 0.0752229 0.486579 139
0 0.899641 0.780875 0.0173718 0.0474247 0.645513 154
0 0.284592 0.14248 0.120461 0.218031 0.792915 156
0 0.95385 0.415797 0.0471 0.0852747 0.713432 163
0 0.386493 0.225717 0.0164561 0.0327324 0.600671 170
0 0.240995 0.773867 0.0160137 0.0580539 0.68498 106
0 0.508152 0.526511 0.0170394 0.0459642 0.580285 174
0 0.987261 0.640476 0.0214485 0.0936062 0.552007 185
0 0.452658 0.522787 0.03521 0.0756162 0.487371 189
0 0.143261 0.635517 0.0422403 0.0962411 0.432685 110
0 0.345472 0.792495 0.0296614 0.0877305 0.457042 10
0 0.4461 0.819179 0.0152015 0.0375984 0.341181 208
0 0.307331 0.72983 0.0189886 0.0563102 0.717428 209
0 0.477162 0.770429 0.0237556 0.0624469 0.770333 215
0 0.916571 0.273415 0.0193827 0.0480288 0.638293 219
0 0.671752 0.124908 0.0159722 0.0445142 0.618949 225
0 0.869967 0.278443 0.0131772 0.0391712 0.456083 228
0 0.909185 0.232813 0.0146535 0.0344131 0.539629 230
0 0.982813 0.745759 0.0319248 0.100269 0.591174 234
0 0.302516 0.552465 0.0185512 0.0619906 0.58661 236
0 0.540425 0.680657 0.0325624 0.0738339 0.548599 19
0 0.156255 0.494655 0.0748203 0.11576 0.694926 71
0 0.637129 0.633132 0.0183861 0.0480523 0.650125 82
0 0.462819 0.723996 0.0183586 0.0598513 0.563291 243
0 0.894416 0.175795 0.0638636 0.0890096 0.743439 249
0 0.885702 0.282305 0.0128922 0.0380181 0.320202 260
0 0.625554 0.536724 0.0243 0.0631909 0.640887 113
0 0.0857431 0.683282 0.0157618 0.064436 0.377816 131
0 0.839327 0.185136 0.0177418 0.0487828 0.747359 269
0 0.928429 0.220542 0.0153343 0.0410228 0.662072 272
0 0.749553 0.0673034 0.13956 0.12434 0.733119 274
0 0.111291 0.372757 0.0614281 0.108338 0.693583 275
0 0.980179 0.333405 0.0156692 0.0432599 0.606371 294
0 0.636354 0.309795 0.0225832 0.0505721 0.456209 299
0 0.735642 0.550263 0.0143853 0.0361988 0.506761 300
0 0.792647 0.126759 0.023449 0.0561535 0.687431 302
0 0.10572 0.615488 0.0183645 0.0624131 0.429623 126
0 0.289598 0.503227 0.0193042 0.0583574 0.49683 17
0 0.87542 0.866257 0.0278176 0.0546246 0.660601 32
0 0.97375 0.472385 0.0149599 0.0409576 0.595996 72
0 0.909434 0.945334 0.0184145 0.0381003 0.5077 97
0 0.489691 0.361839 0.0363247 0.146308 0.386795 58
0 0.505504 0.779269 0.0197762 0.0549197 0.69532 74
0 0.590947 0.811933 0.0257458 0.0904995 0.576904 75
0 0.538236 0.332291 0.033425 0.140004 0.345078 89
0 0.348313 0.637904 0.07028 0.166429 0.528902 46
0 0.631853 0.489667 0.0112703 0.0287885 0.302718 42
0 0.841367 0.49681 0.0138267 0.040387 0.527421 84
0 0.691959 0.897596 0.0128893 0.0371116 0.493883 39
0 0.873332 0.830451 0.0129623 0.0320193 0.368325 40
0 0.793734 0.804693 0.0367799 0.0983863 0.418771 78
0 0.255556 0.8561 0.0203396 0.0585871 0.405364 103
0 0.588987 0.717316 0.0198135 0.0709984 0.414057 108
0 0.661214 0.944347 0.0170168 0.0503182 0.756387 81
