0 0.568463 0.753413 0.0388635 0.104122 0.477452 274
0 0.63044 0.723261 0.0665542 0.119107 0.613323 386
0 0.867079 0.738815 0.0217613 0.0587699 0.661902 811
0 0.691361 0.727432 0.02192 0.0582819 0.681615 828
0 0.770748 0.654219 0.0344677 0.072125 0.451403 865
0 0.679035 0.854943 0.0256985 0.0656339 0.766869 906
0 0.749145 0.48476 0.113453 0.21854 0.851403 174
0 0.427926 0.753356 0.0242339 0.0911092 0.575626 1049
0 0.891927 0.512305 0.0621178 0.124209 0.701692 1065
0 0.4462 0.35003 0.0561048 0.11129 0.495766 480
0 0.489113 0.467819 0.0145337 0.0409335 0.378304 1143
0 0.704274 0.367316 0.0279393 0.0744905 0.667722 1153
0 0.339598 0.691636 0.063651 0.142519 0.604233 1195
0 0.6288 0.432519 0.0209407 0.0643119 0.749105 1198
0 0.845488 0.421598 0.0150008 0.0432599 0.609238 1205
0 0.512273 0.402336 0.050535 0.0894034 0.492947 1247
0 0.544239 0.491018 0.068098 0.128204 0.767167 93
0 0.739669 0.348596 0.0182478 0.0422077 0.565327 1254
0 0.235273 0.660575 0.0839042 0.165062 0.472243 1255
0 0.6301 0.317972 0.109898 0.141795 0.80168 1258
0 0.386053 0.534791 0.0195606 0.0699368 0.563718 1264
0 0.485524 0.129196 0.101447 0.139096 0.818071 1285
0 0.719367 0.309602 0.0175155 0.0308155 0.30784 1287
0 0.419675 0.491966 0.0298083 0.0837003 0.433798 1304
0 0.467465 0.429038 0.0192401 0.0675019 0.355761 1312
0 0.560069 0.394288 0.0176269 0.0456454 0.568666 1334
0 0.30295 0.495099 0.0194997 0.0635547 0.675487 1393
0 0.896715 0.412046 0.0169075 0.0487435 0.727864 1414
0 0.656015 0.506089 0.023924 0.0667813 0.357636 1420
0 0.743625 0.300016 0.0185618 0.0399096 0.517252 1428
0 0.384266 0.401917 0.0211126 0.068845 0.547842 1429
0 0.72418 0.260386 0.0259579 0.0616584 0.613504 1442
0 0.911952 0.647661 0.0234617 0.0635263 0.565067 1447
0 0.660771 0.572052 0.0365717 0.0677657 0.411088 1041
0 0.420276 0.666715 0.0220863 0.0649182 0.586036 1365
0 0.333233 0.590293 0.0167095 0.0572232 0.606733 1469
0 0.303549 0.575145 0.0204341 0.0652738 0.563051 1470
0 0.65575 0.388949 0.0209404 0.0543344 0.586626 1199
0 0.198729 0.833562 0.0158555 0.0501244 0.539889 1266
0 0.823325 0.511189 0.0606574 0.127907 0.555686 1032
0 0.795305 0.605423 0.0215161 0.0499817 0.522001 1514
0 0.562372 0.260347 0.0519322 0.102808 0.651954 1515
0 0.320225 0.285886 0.0355067 0.07496 0.505743 907
0 0.401825 0.288879 0.0647722 0.141276 0.665196 1537
0 0.783822 0.302417 0.0225905 0.0629266 0.572252 1552
0 0.508986 0.251725 0.0439227 0.114956 0.492714 1562
0 0.444939 0.632946 0.0161157 0.0396575 0.561218 1359
0 0.902486 0.288293 0.146975 0.210027 0.77583 1632
0 0.800682 0.219082 0.0225916 0.0578982 0.65312 1656
0 0.4642 0.240643 0.0186224 0.0529553 0.711273 1658
0 0.949525 0.391603 0.068643 0.122226 0.700377 1664
0 0.409403 0.855467 0.0257446 0.0883845 0.479874 1150
0 0.700846 0.15758 0.0542464 0.11373 0.655312 1129
0 0.824985 0.78375 0.0189301 0.0444026 0.593081 1691
0 0.386218 0.787467 0.027381 0.088614 0.405485 1693
0 0.427936 0.586015 0.0254638 0.0719226 0.603849 1717
0 0.474824 0.706238 0.0245303 0.0739913 0.619543 1332
0 0.489442 0.782665 0.0238977 0.0751406 0.426427 710
0 0.869506 0.650681 0.0215755 0.0608797 0.507099 1731
0 0.900233 0.766066 0.0172079 0.0504939 0.646328 1735
0 0.921958 0.708662 0.0209446 0.0494823 0.700559 1738
0 0.762446 0.241798 0.018411 0.0479167 0.632022 1739
0 0.896372 0.590645 0.0185533 0.0526465 0.745365 1743
0 0.953524 0.486895 0.0174945 0.0445352 0.732629 1744
0 0.982362 0.572944 0.0319354 0.0955049 0.446786 1745
0 0.403026 0.574108 0.0151951 0.0427507 0.458619 1756
0 0.813362 0.830391 0.0148522 0.0407811 0.660308 369
0 0.356755 0.486981 0.0308465 0.0943796 0.420001 1775
0 0.966847 0.869371 0.0145178 0.0398444 0.551942 1778
0 0.119006 0.524608 0.0566777 0.158303 0.672204 1779
0 0.821508 0.69107 0.0200644 0.0570612 0.740109 1781
0 0.384273 0.704043 0.0195676 0.0613198 0.3673 1783
0 0.853447 0.814013 0.0246383 0.064755 0.568677 1799
0 0.652747 0.0968472 0.107005 0.171246 0.786071 1817
0 0.794302 0.118867 0.0877399 0.155378 0.800708 1823
0 0.328765 0.455317 0.0175563 0.0552683 0.585105 1826
0 0.860329 0.203764 0.0128326 0.0383209 0.302324 1832
0 0.827848 0.412688 0.0154395 0.0347342 0.495365 1357
0 0.172423 0.465433 0.0524756 0.156065 0.58245 1849
0 0.213919 0.300451 0.0172804 0.0545684 0.597023 1852
0 0.829764 0.738514 0.014577 0.0326182 0.6499 1856
0 0.273071 0.276082 0.0214302 0.0685953 0.591312 1869
0 0.808835 0.74726 0.0168182 0.0435439 0.623536 883
0 0.324992 0.357304 0.0622504 0.0963017 0.695631 1308
0 0.231915 0.430315 0.0855453 0.163301 0.749239 874
0 0.578108 0.127347 0.0198357 0.0533343 0.704036 1895
0 0.3311 0.208755 0.0210565 0.0620737 0.541681 1896
0 0.474734 0.607296 0.0187183 0.0590233 0.587962 1897
0 0.832355 0.248786 0.0146338 0.0275929 0.3861 1901
0 0.0751894 0.730586 0.0153254 0.0538398 0.384353 1906
0 0.0631972 0.577479 0.0165689 0.0451253 0.351169 1912
0 0.439675 0.210608 0.0135522 0.0453085 0.494376 1923
0 0.278893 0.534609 0.0161164 0.0533532 0.510876 1415
0 0.887474 0.82696 0.0232488 0.0544101 0.639942 1563
0 0.970629 0.687021 0.0544739 0.117228 0.697175 1564
0 0.715418 0.0813515 0.0187473 0.0499311 0.723528 1930
0 0.238811 0.241853 0.0225493 0.0658916 0.57847 1931
0 0.65651 0.175516 0.0195248 0.0540008 0.594499 1948
0 0.352408 0.226949 0.014455 0.0431052 0.580711 1954
0 0.873654 0.10794 0.0508759 0.0891002 0.554624 563
0 0.932974 0.907233 0.0153619 0.0453895 0.637101 1239
0 0.71029 0.65619 0.022663 0.0602157 0.370526 1959
0 0.3136 0.0959667 0.01673 0.0433163 0.626574 1961
0 0.232087 0.169389 0.0181995 0.053151 0.560229 1964
0 0.539541 0.0993383 0.0262967 0.0760173 0.66245 1966
0 0.266311 0.0988856 0.0472499 0.0772166 0.718571 1978
0 0.544008 0.853028 0.0140327 0.0390092 0.706403 806
0 0.991493 0.494579 0.0134303 0.0402547 0.577489 1989
0 0.223082 0.350114 0.0154139 0.0487714 0.598584 1990
0 0.203435 0.140207 0.0172341 0.047261 0.612728 1993
0 0.48283 0.522244 0.0206394 0.0466754 0.51491 1994
0 0.834703 0.208859 0.0143957 0.037543 0.524102 1997
0 0.11223 0.324252 0.0181464 0.0529483 0.504283 2001
0 0.281502 0.175648 0.0557359 0.0756555 0.548007 2002
0 0.496465 0.166449 0.0143778 0.0393902 0.44166 2004
0 0.111836 0.390663 0.0342632 0.0747335 0.605144 2005
0 0.278774 0.339555 0.0145947 0.0438288 0.381657 2006
0 0.0737934 0.497572 0.0175848 0.0482236 0.543254 2015
0 0.943074 0.572975 0.0406295 0.09514 0.385243 2016
0 0.646967 0.54144 0.0609055 0.12228 0.34577 1144
0 0.725003 0.721674 0.018824 0.0467711 0.675369 879
0 0.297749 0.650612 0.017105 0.0573367 0.555204 1056
0 0.575891 0.658642 0.028798 0.0671861 0.473146 1402
0 0.81329 0.306194 0.0202488 0.0416561 0.321315 1767
0 0.251513 0.558565 0.0241254 0.0552432 0.582316 1525
0 0.455077 0.883752 0.0176668 0.0639701 0.701743 870
0 0.520077 0.611642 0.0233826 0.0586763 0.576719 1348
0 0.675345 0.872341 0.0207574 0.0595703 0.688783 824
0 0.65656 0.789338 0.0176662 0.0361597 0.457404 1367
0 0.602521 0.50404 0.019026 0.0583542 0.675291 1122
0 0.575273 0.176858 0.015846 0.0361319 0.467113 1068
0 0.553948 0.336858 0.0130934 0.0312335 0.390055 1425
0 0.248164 0.803011 0.032825 0.0825269 0.485232 1602
0 0.694423 0.102326 0.0140404 0.0370955 0.553943 1943
0 0.315817 0.824229 0.0145004 0.0455217 0.701659 709
0 0.788979 0.867291 0.0145772 0.0449024 0.533872 230
0 0.699958 0.856259 0.0196045 0.0662379 0.526076 1085
