0 0.594971 0.456369 0.0979111 0.150107 0.797778 274
0 0.80471 0.775977 0.0222207 0.054845 0.515839 312
0 0.680238 0.411355 0.0559961 0.115024 0.458237 386
0 0.644599 0.77834 0.02747 0.0723579 0.529672 456
0 0.374798 0.684322 0.020469 0.0639242 0.62633 514
0 0.446743 0.757803 0.0972744 0.197061 0.65457 31
0 0.695981 0.76884 0.0301012 0.0716489 0.446359 269
0 0.48298 0.820685 0.0426101 0.0996827 0.327726 563
0 0.916575 0.814891 0.133324 0.154039 0.757003 594
0 0.760464 0.67712 0.0224866 0.0671346 0.697806 272
0 0.73002 0.680022 0.0195312 0.0549208 0.525592 601
0 0.600336 0.222061 0.018479 0.0465635 0.752813 604
0 0.838355 0.686163 0.0210808 0.0533125 0.777014 620
0 0.767726 0.566655 0.0984903 0.146803 0.819717 249
0 0.846262 0.737921 0.0264928 0.0608065 0.42906 656
0 0.305341 0.613736 0.0422766 0.1039 0.453315 692
0 0.761548 0.767729 0.033935 0.0742193 0.556637 219
0 0.527033 0.441081 0.0189545 0.0501497 0.736596 710
0 0.383129 0.552817 0.0258986 0.0790638 0.47937 711
0 0.504249 0.498599 0.0211757 0.0600315 0.691673 717
0 0.821507 0.575416 0.0175927 0.0341814 0.381398 369
0 0.874396 0.709539 0.0172293 0.0429297 0.650613 780
0 0.563847 0.601615 0.11704 0.152195 0.760874 806
0 0.918153 0.537646 0.143301 0.259653 0.825966 811
0 0.683074 0.670127 0.0388947 0.102047 0.396648 302
0 0.695638 0.575348 0.024594 0.0652657 0.553746 824
0 0.781066 0.391984 0.0218886 0.0642307 0.638469 828
0 0.620162 0.676997 0.0477548 0.0980087 0.514657 847
0 0.81925 0.612556 0.02658 0.0967394 0.372588 861
0 0.839767 0.4109 0.0517377 0.102289 0.622719 865
0 0.477728 0.467508 0.0218282 0.0600828 0.726579 870
0 0.667606 0.328769 0.0215907 0.0529909 0.718133 873
0 0.654344 0.500206 0.0177327 0.0497221 0.659876 874
0 0.413279 0.44163 0.0815601 0.144724 0.748068 875
0 0.51266 0.378885 0.0215517 0.0678452 0.62058 877
0 0.796176 0.452467 0.019148 0.0553069 0.60014 879
0 0.699351 0.480706 0.0456979 0.101926 0.403061 886
0 0.542077 0.834406 0.0218226 0.0711855 0.697706 901
0 0.238318 0.55389 0.0175406 0.0570352 0.722017 902
0 0.715941 0.353968 0.0196442 0.044149 0.703695 909
0 0.658766 0.592015 0.0197405 0.0457295 0.378769 917
0 0.664215 0.630126 0.0186397 0.0355633 0.624052 943
0 0.470732 0.409658 0.0153512 0.0420367 0.493365 945
0 0.836986 0.491775 0.017207 0.0466895 0.682161 906
0 0.569376 0.309974 0.026774 0.0693709 0.47752 994
0 0.792452 0.229985 0.106822 0.227942 0.831304 174
0 0.0802042 0.523562 0.0527042 0.124396 0.518242 1027
0 0.490625 0.308398 0.0439833 0.0875879 0.437949 1049
0 0.547609 0.390604 0.0175046 0.051403 0.738734 1057
0 0.786986 0.714049 0.0188357 0.0480305 0.765511 1064
0 0.911397 0.323126 0.0396281 0.0907176 0.483956 1065
0 0.20639 0.45796 0.0393021 0.0728631 0.490723 1066
0 0.18459 0.379862 0.0240052 0.0669765 0.63323 1087
0 0.150971 0.417633 0.0195639 0.0545497 0.596912 1119
0 0.653453 0.228098 0.0293681 0.0631434 0.635797 1122
0 0.464914 0.0493163 0.0819857 0.0947203 0.636324 480
0 0.486514 0.195386 0.016868 0.0424585 0.686823 1143
0 0.739798 0.142836 0.0247761 0.0683865 0.502469 1153
0 0.62094 0.187473 0.0177803 0.0524306 0.737016 1161
0 0.58621 0.254345 0.0267851 0.068584 0.473058 1186
0 0.378628 0.267468 0.0684254 0.0996234 0.721917 1195
0 0.666027 0.160387 0.0161304 0.0445667 0.706975 1198
0 0.307719 0.482675 0.102386 0.11399 0.831564 1202
0 0.741397 0.473491 0.0230132 0.0683677 0.677623 1204
0 0.882336 0.22462 0.0143331 0.0390063 0.6772 1205
0 0.154416 0.345961 0.0179182 0.0588939 0.582981 1221
0 0.704418 0.708506 0.0194776 0.0402023 0.517872 884
0 0.970133 0.694321 0.0282758 0.0736914 0.56318 1239
0 0.532808 0.130956 0.0527449 0.0889638 0.628938 1247
0 0.554142 0.195438 0.0794928 0.102974 0.719104 93
0 0.769762 0.133787 0.016563 0.0447023 0.584458 1254
0 0.249652 0.189637 0.0989584 0.142233 0.784382 1255
0 0.624359 0.0758686 0.0617345 0.128863 0.664532 1258
0 0.392699 0.169521 0.0192548 0.0480908 0.690282 1264
0 0.413146 0.130298 0.0198569 0.0511369 0.682684 1267
0 0.724023 0.0955989 0.0166033 0.035619 0.586777 1285
0 0.751709 0.0940081 0.0150639 0.0291994 0.649913 1287
0 0.713582 0.135028 0.0197362 0.0458186 0.41607 1293
0 0.433497 0.175784 0.0358603 0.0661298 0.487541 1304
0 0.485408 0.133694 0.02202 0.0615529 0.56383 1312
0 0.855913 0.945213 0.0166599 0.0452838 0.700368 1320
0 0.121278 0.369612 0.0250731 0.0711532 0.640231 1328
0 0.583049 0.127324 0.0157656 0.0401921 0.718703 1334
0 0.351035 0.40111 0.0209348 0.0637046 0.699369 1226
0 0.69954 0.0552738 0.0556437 0.0975216 0.699794 1345
0 0.865986 0.204791 0.0116937 0.0249345 0.626367 1357
0 0.332635 0.0938917 0.0185881 0.0471984 0.708719 1393
0 0.604189 0.320591 0.0124025 0.0357854 0.5078 1402
0 0.322679 0.760983 0.0547742 0.134806 0.34455 887
0 0.949633 0.269881 0.0160351 0.0503083 0.372234 1414
0 0.701631 0.223278 0.0232317 0.0576884 0.344636 1420
0 0.581304 0.0796678 0.0155457 0.0385647 0.585091 1425
0 0.771412 0.0859568 0.0158185 0.0376752 0.581487 1428
0 0.401028 0.0805342 0.0204895 0.051658 0.674002 1429
0 0.746751 0.0500382 0.0169339 0.0474763 0.724677 1442
0 0.975633 0.420963 0.0161415 0.0370765 0.493926 1447
0 0.656209 0.293436 0.0138033 0.0298088 0.625241 1144
0 0.373348 0.200977 0.016893 0.0444984 0.641457 1277
0 0.916949 0.685913 0.0178106 0.0429989 0.499559 946
0 0.699337 0.273814 0.0440286 0.0701495 0.321809 1041
0 0.46237 0.23581 0.0364969 0.0639455 0.319722 1365
0 0.347352 0.218249 0.0145234 0.0481931 0.605721 1469
0 0.32356 0.161951 0.0172628 0.05007 0.622973 1470
0 0.167161 0.282618 0.0162202 0.0512068 0.705855 1472
0 0.310928 0.379691 0.0318063 0.073387 0.339366 1473
0 0.860548 0.238643 0.0144545 0.034221 0.477666 1482
0 0.170609 0.684912 0.0242857 0.0841498 0.636768 778
0 0.695387 0.13365 0.0136633 0.0443401 0.521513 1199
0 0.369071 0.631518 0.0174214 0.0495296 0.567779 630
0 0.622671 0.870747 0.0221792 0.0695139 0.574689 868
0 0.204218 0.311821 0.0145905 0.0500296 0.527134 1490
0 0.10371 0.629089 0.0679184 0.16704 0.667917 1496
0 0.341778 0.131718 0.0139999 0.0305382 0.346281 1498
0 0.231529 0.344317 0.0229489 0.067611 0.4966 1266
0 0.114044 0.467567 0.0119559 0.041766 0.413308 1203
0 0.851452 0.307562 0.0894965 0.0945497 0.357033 1032
0 0.643977 0.324024 0.0130204 0.0370265 0.548851 1431
0 0.890695 0.40009 0.0154538 0.0376641 0.688662 1514
0 0.59206 0.0277649 0.0488272 0.0464728 0.747297 1515
0 0.990951 0.742865 0.0147215 0.0452551 0.640671 1516
0 0.257524 0.284928 0.018835 0.0479097 0.53089 1518
0 0.164588 0.211639 0.0616825 0.0945218 0.694307 1521
0 0.268138 0.130768 0.0190273 0.0484643 0.55518 1525
0 0.949879 0.912218 0.0230169 0.0415252 0.44016 234
0 0.181449 0.54052 0.0134842 0.0439795 0.578268 705
0 0.598973 0.771711 0.0333438 0.0881277 0.401646 101
0 0.729332 0.75525 0.0200778 0.0538351 0.59008 648
0 0.666625 0.534955 0.0157488 0.0430437 0.673718 1367
0 0.30289 0.12032 0.0144956 0.0417646 0.451878 1415
0 0.369993 0.0250908 0.0675246 0.0501817 0.630981 907
0 0.376345 0.754323 0.0252105 0.0743897 0.747591 805
0 0.21936 0.808741 0.0121153 0.0459007 0.545777 327
0 0.0642336 0.449263 0.0140745 0.0480583 0.528681 1352
0 0.245514 0.90801 0.0194747 0.0604338 0.677008 760
0 0.7868 0.86832 0.0166485 0.044372 0.686638 1413
0 0.334415 0.581756 0.0136478 0.0395505 0.408407 704
0 0.262015 0.388961 0.0374765 0.0746989 0.393036 988
0 0.450242 0.583192 0.076878 0.151473 0.528181 625
0 0.622831 0.31546 0.013959 0.0330522 0.46813 1406
0 0.901268 0.708841 0.0173351 0.0349242 0.315722 1353
0 0.57796 0.704848 0.0114799 0.0317173 0.433361 1053
0 0.320551 0.291313 0.0180014 0.0566937 0.725449 1056
