0 0.793082 0.766688 0.128298 0.190259 0.760226 1
0 0.246535 0.61788 0.0252487 0.0702579 0.599261 2
0 0.43249 0.429801 0.0172268 0.0494494 0.683695 6
0 0.679622 0.732271 0.0207923 0.0485284 0.497679 7
0 0.335647 0.668461 0.0299217 0.0895845 0.770588 8
0 0.662364 0.336953 0.042196 0.0694735 0.598868 13
0 0.513269 0.699295 0.0217651 0.0530022 0.53526 16
0 0.678774 0.653517 0.0257301 0.0573935 0.499308 18
0 0.735417 0.66612 0.0248945 0.0590333 0.632877 21
0 0.890271 0.862427 0.017041 0.0343203 0.587794 23
0 0.406506 0.28107 0.0168188 0.0523388 0.793366 29
0 0.66921 0.809407 0.0252537 0.0674759 0.597382 45
0 0.861912 0.623255 0.0268346 0.0564599 0.61454 47
0 0.499004 0.757005 0.0219313 0.0624428 0.583298 48
0 0.458798 0.737305 0.0231034 0.0675796 0.599715 50
0 0.868313 0.550657 0.0260883 0.0701283 0.752247 60
0 0.79887 0.56322 0.103292 0.14128 0.828028 63
0 0.31892 0.475923 0.0241176 0.0776734 0.538074 68
0 0.243094 0.811379 0.017722 0.0399541 0.43872 77
0 0.903317 0.463045 0.0579412 0.084159 0.763206 80
0 0.685765 0.547792 0.0214951 0.0558717 0.370873 95
0 0.501037 0.608 0.0212377 0.0633992 0.315276 98
0 0.613652 0.56273 0.0219422 0.0445383 0.690116 102
0 0.72143 0.509079 0.0488131 0.0743377 0.559282 121
0 0.152964 0.48002 0.0770683 0.181835 0.772917 128
0 0.211991 0.339799 0.041127 0.0885139 0.656979 156
0 0.923894 0.636953 0.0797612 0.166858 0.770033 163
0 0.422646 0.807313 0.0183945 0.0540025 0.668637 174
0 0.978979 0.72749 0.0409187 0.10629 0.624292 185
0 0.375488 0.363627 0.0757441 0.097489 0.710694 189
0 0.957982 0.826802 0.0729227 0.0923123 0.656384 234
0 0.865498 0.437122 0.0214654 0.0549545 0.784314 260
0 0.638878 0.0594071 0.0670849 0.113596 0.720878 274
0 0.0887048 0.710377 0.0305065 0.0893561 0.651488 275
0 0.262795 0.229653 0.0543159 0.0801489 0.617249 294
0 0.617299 0.4492 0.0280021 0.0553091 0.622236 299
0 0.90667 0.388491 0.0202399 0.0563129 0.653565 312
0 0.318028 0.199643 0.0133236 0.038438 0.315025 327
0 0.356159 0.15177 0.0665925 0.120056 0.679222 329
0 0.425664 0.14964 0.0489077 0.102043 0.617956 337
0 0.527704 0.85412 0.0251546 0.0823532 0.699612 344
0 0.45879 0.638494 0.0476093 0.113623 0.671831 58
0 0.489216 0.561162 0.0215305 0.0541297 0.728034 89
0 0.64167 0.586767 0.0212281 0.0509488 0.728203 370
0 0.493752 0.457079 0.0217104 0.0481433 0.704538 380
0 0.780638 0.111078 0.173402 0.196676 0.681404 386
0 0.714529 0.588804 0.03802 0.0766817 0.463456 387
0 0.486048 0.510935 0.0192897 0.0442961 0.639731 54
0 0.625563 0.819989 0.0244373 0.0689781 0.618537 57
0 0.716724 0.745135 0.0268751 0.0698855 0.674485 117
0 0.175035 0.649865 0.0215037 0.0621688 0.576272 204
0 0.400633 0.66447 0.0421951 0.0823754 0.4555 83
0 0.448269 0.546706 0.0473108 0.0752785 0.481759 114
0 0.127153 0.625035 0.0172663 0.0648862 0.562005 407
0 0.413982 0.598864 0.0183403 0.0474059 0.507823 424
0 0.0784115 0.53354 0.0550072 0.179591 0.602955 434
0 0.545937 0.500659 0.0729063 0.132177 0.8027 3
0 0.479701 0.864435 0.0195125 0.0516202 0.776743 104
0 0.618053 0.656752 0.0387867 0.0960688 0.356226 127
0 0.645641 0.717563 0.0203999 0.0629443 0.670837 86
0 0.214512 0.672716 0.0212518 0.0645537 0.733896 265
0 0.722878 0.300754 0.0327266 0.0719249 0.659077 101
0 0.352669 0.46427 0.0166107 0.0514687 0.706979 170
0 0.697175 0.68718 0.0246266 0.0449638 0.538824 300
0 0.638306 0.400272 0.0184034 0.0446451 0.746829 448
0 0.342149 0.812813 0.0179042 0.0558527 0.403916 450
0 0.21919 0.749553 0.0202071 0.0660151 0.593957 452
0 0.536749 0.602365 0.0192641 0.0512141 0.605396 454
0 0.605946 0.514705 0.022664 0.0511699 0.582679 455
0 0.75807 0.309319 0.0227699 0.0627395 0.588288 456
0 0.252967 0.698716 0.0190684 0.057086 0.398296 459
0 0.387785 0.463957 0.0438769 0.0998662 0.581114 465
0 0.277303 0.641713 0.0205816 0.0606068 0.534516 468
0 0.210487 0.608324 0.0243461 0.0773765 0.482801 470
0 0.330768 0.551482 0.0167657 0.0573076 0.538864 475
0 0.133585 0.31484 0.0328446 0.0673194 0.534174 480
0 0.583494 0.562298 0.0177034 0.0430718 0.673772 140
0 0.780444 0.44682 0.0701894 0.101094 0.758408 92
0 0.591052 0.618914 0.0252174 0.0631297 0.538002 139
0 0.538933 0.672958 0.0202693 0.051146 0.668503 507
0 0.465979 0.115947 0.0189395 0.0468596 0.62711 514
0 0.837393 0.326033 0.0155964 0.0421311 0.591745 521
0 0.673275 0.46312 0.0501238 0.122729 0.717478 523
0 0.565944 0.679631 0.0147222 0.0350864 0.38341 533
0 0.480811 0.423614 0.021333 0.0435727 0.409225 539
0 0.558173 0.104458 0.0785439 0.146497 0.77753 31
0 0.315912 0.761589 0.0199394 0.0504297 0.624092 44
0 0.79708 0.340381 0.0391373 0.0861205 0.617972 269
0 0.914478 0.880767 0.0128207 0.0347446 0.707827 388
0 0.898441 0.816173 0.0243985 0.0457216 0.645565 553
0 0.426608 0.478973 0.0165079 0.0374715 0.571369 556
0 0.473111 0.309791 0.0732071 0.183814 0.782561 562
0 0.601353 0.179936 0.0522607 0.0931256 0.721357 563
0 0.741123 0.40856 0.0185463 0.0492272 0.716247 582
0 0.976144 0.491951 0.044998 0.173201 0.719623 594
0 0.385934 0.807958 0.0301949 0.0899242 0.502243 125
0 0.63833 0.226555 0.017767 0.0456887 0.768765 225
0 0.610638 0.374057 0.0263307 0.0580987 0.637005 27
0 0.86428 0.299483 0.0200137 0.0568169 0.694678 272
0 0.520387 0.372349 0.0171909 0.0549919 0.556436 600
0 0.822366 0.263534 0.0165921 0.0460199 0.782456 601
0 0.541363 0.296983 0.0249347 0.0562421 0.449012 603
0 0.226212 0.126197 0.0950079 0.116091 0.793194 604
0 0.52568 0.743303 0.0175174 0.0524291 0.560674 614
0 0.922248 0.31343 0.0161026 0.0428789 0.679685 620
0 0.29447 0.274019 0.0215878 0.0618066 0.698465 624
0 0.505871 0.0484914 0.054903 0.0874382 0.609333 625
0 0.523006 0.233801 0.0182495 0.0586124 0.638797 627
0 0.242372 0.404201 0.0204469 0.0554264 0.712218 628
0 0.463843 0.0672937 0.0155411 0.0389522 0.637335 630
0 0.821079 0.359131 0.015215 0.0354414 0.48417 648
0 0.590223 0.292631 0.0227181 0.0736868 0.441007 14
0 0.832073 0.405286 0.0134277 0.0395764 0.406379 228
0 0.866362 0.165768 0.0821273 0.108832 0.762636 249
0 0.485453 0.921493 0.0174568 0.0476334 0.614874 93
0 0.337625 0.717102 0.0222093 0.0540212 0.599447 28
0 0.271365 0.466883 0.0163767 0.0510332 0.493222 221
0 0.852368 0.384272 0.0152829 0.0400922 0.343998 219
0 0.143738 0.737756 0.0117257 0.0385825 0.354948 71
0 0.317805 0.38309 0.0332554 0.0744118 0.627622 476
0 0.440053 0.502796 0.0189687 0.0372841 0.519095 517
0 0.467911 0.484493 0.0144819 0.0363761 0.580666 534
0 0.571444 0.85918 0.0305392 0.0803597 0.554786 75
