0 0.799857 0.718193 0.12309 0.202499 0.806003 1
0 0.260758 0.542386 0.0257795 0.0742521 0.729138 2
0 0.929352 0.673765 0.0850416 0.177995 0.786092 5
0 0.443951 0.373817 0.0174961 0.0481725 0.611646 6
0 0.695878 0.674787 0.0204376 0.0423598 0.630318 7
0 0.340861 0.620013 0.0746027 0.164353 0.542438 8
0 0.67039 0.303423 0.0392957 0.0683411 0.575237 13
0 0.52528 0.637031 0.0213738 0.0524788 0.726378 16
0 0.694544 0.602746 0.0240495 0.0562443 0.462603 18
0 0.750715 0.620062 0.0233014 0.056529 0.704005 21
0 0.901779 0.836701 0.0242377 0.0437653 0.69568 23
0 0.628568 0.683544 0.0170021 0.0521272 0.535452 29
0 0.190392 0.682905 0.0182865 0.0688926 0.594895 33
0 0.685262 0.760864 0.0343237 0.088495 0.364884 45
0 0.880145 0.588181 0.0203741 0.0425158 0.651224 47
0 0.505834 0.702371 0.0264274 0.0678975 0.418953 48
0 0.468545 0.669676 0.0227362 0.0665505 0.610409 50
0 0.882576 0.517575 0.0273431 0.0693242 0.506752 60
0 0.814126 0.518624 0.100585 0.143319 0.835551 63
0 0.19411 0.768548 0.0238448 0.0781339 0.370828 64
0 0.326163 0.399215 0.0381974 0.0817773 0.403504 68
0 0.247757 0.721001 0.0184742 0.0638076 0.656005 77
0 0.911068 0.422337 0.0624522 0.0812812 0.625245 80
0 0.699914 0.502599 0.0272433 0.0599274 0.642141 95
0 0.515579 0.54629 0.0205461 0.0580476 0.627469 98
0 0.63088 0.512939 0.0212531 0.0427056 0.60811 102
0 0.396569 0.87524 0.026803 0.0600591 0.527976 109
0 0.454736 0.8926 0.0241911 0.0679308 0.534868 111
0 0.377592 0.0268745 0.0329247 0.0508208 0.47523 119
0 0.738833 0.45853 0.0477045 0.0814558 0.500459 121
0 0.16265 0.404594 0.0786269 0.177632 0.781879 128
0 0.878161 0.873446 0.0170667 0.045063 0.751417 154
0 0.265432 0.309373 0.128823 0.281514 0.732863 156
0 0.934647 0.500196 0.047384 0.0763938 0.423732 163
0 0.449327 0.741334 0.0341116 0.0801127 0.436769 174
0 0.980142 0.712835 0.0333781 0.108224 0.45396 185
0 0.395771 0.343038 0.0731952 0.0952941 0.610857 189
0 0.963129 0.812993 0.0629183 0.0987759 0.677956 234
0 0.53008 0.874625 0.0286566 0.0832386 0.393836 19
0 0.147559 0.652808 0.0207681 0.0667073 0.435087 71
0 0.605816 0.860516 0.025721 0.0776216 0.644074 82
0 0.873587 0.39749 0.0224757 0.0604577 0.766395 260
0 0.582536 0.680712 0.0520145 0.0902912 0.536815 113
0 0.690555 0.0683023 0.102674 0.124481 0.480392 274
0 0.0834171 0.623261 0.050531 0.138589 0.550557 275
0 0.515839 0.265508 0.0644443 0.0734467 0.748603 294
0 0.625225 0.411542 0.0289241 0.0530049 0.645348 299
0 0.956345 0.550266 0.0139388 0.0393606 0.546225 72
0 0.911301 0.348652 0.018429 0.0542172 0.601568 312
0 0.31642 0.166201 0.0177001 0.0509829 0.659681 327
0 0.360918 0.114179 0.0603224 0.114558 0.717048 329
0 0.190352 0.503214 0.0203471 0.0609586 0.610596 331
0 0.426906 0.101338 0.0470986 0.105867 0.608064 337
0 0.545715 0.766653 0.0279282 0.0773166 0.345084 344
0 0.472722 0.570862 0.0470626 0.109751 0.586206 58
0 0.502502 0.498391 0.0193055 0.046669 0.626317 89
0 0.308437 0.82978 0.0233957 0.0558036 0.713022 46
0 0.81549 0.602291 0.0143301 0.0367775 0.331412 84
0 0.692661 0.881184 0.0144504 0.0468975 0.626841 78
0 0.353283 0.839966 0.0171628 0.0454998 0.547623 364
0 0.658601 0.543659 0.0217625 0.049904 0.721886 370
0 0.517785 0.385195 0.0218729 0.0583161 0.617263 380
0 0.835202 0.133879 0.142034 0.13564 0.57216 386
0 0.73483 0.542126 0.0302752 0.0713996 0.474371 387
0 0.505035 0.447066 0.0193154 0.0441594 0.619983 54
0 0.641601 0.767388 0.0347015 0.0992212 0.376089 57
0 0.733343 0.69622 0.0229654 0.0533405 0.496494 117
0 0.185855 0.578659 0.0250242 0.0797787 0.400051 204
0 0.414896 0.584677 0.0279022 0.0709573 0.441664 83
0 0.46393 0.481148 0.0446308 0.078091 0.460628 114
0 0.134399 0.552997 0.0178333 0.0605665 0.692611 407
0 0.424964 0.514093 0.0203357 0.0423544 0.322017 424
0 0.0821181 0.466693 0.0538637 0.161003 0.738111 434
0 0.560408 0.442526 0.0697419 0.149669 0.757085 3
0 0.501979 0.794546 0.0216963 0.0687522 0.625602 104
0 0.633722 0.600765 0.0435775 0.075573 0.421547 127
0 0.665518 0.661492 0.0202676 0.0586932 0.738905 86
0 0.226036 0.588336 0.02057 0.0633572 0.453639 265
0 0.56137 0.845939 0.0220837 0.058325 0.371034 30
0 0.722007 0.282227 0.025285 0.0652025 0.544882 101
0 0.363528 0.397136 0.0176279 0.0553019 0.681488 170
0 0.713208 0.636408 0.0228402 0.0415293 0.637093 300
0 0.648047 0.363422 0.0171463 0.0471413 0.686676 448
0 0.36155 0.728927 0.0183714 0.054298 0.678001 450
0 0.651564 0.423521 0.0144829 0.0425887 0.4089 451
0 0.22532 0.670585 0.021729 0.0728607 0.634551 452
0 0.5525 0.544448 0.0174271 0.0465203 0.537296 454
0 0.614149 0.471575 0.0230907 0.0539907 0.704101 455
0 0.768197 0.279075 0.0248592 0.0597669 0.591087 456
0 0.264989 0.623608 0.0212399 0.0682041 0.66303 459
0 0.124123 0.363721 0.0166532 0.055268 0.64532 464
0 0.400595 0.405456 0.0354058 0.0935452 0.433253 465
0 0.903768 0.556071 0.0134191 0.0369825 0.397148 467
0 0.292605 0.564275 0.0195328 0.0615637 0.584307 468
0 0.222624 0.526359 0.0205074 0.0606224 0.563449 470
0 0.729441 0.6569 0.0165579 0.0196363 0.332036 474
0 0.337174 0.468715 0.0204435 0.0583464 0.698138 475
0 0.354503 0.282418 0.014851 0.0376974 0.365124 476
0 0.422772 0.347345 0.0158377 0.0384733 0.465971 477
0 0.143399 0.255497 0.038361 0.0719445 0.457855 480
0 0.596844 0.5202 0.0174417 0.0369811 0.678091 140
0 0.79579 0.406041 0.0642536 0.101858 0.623437 92
0 0.607205 0.566101 0.0214824 0.0532542 0.406854 139
0 0.549405 0.610857 0.0179745 0.0428966 0.741747 507
0 0.475645 0.0737272 0.0218382 0.0481362 0.623021 514
0 0.459748 0.434505 0.0164997 0.0344419 0.543681 517
0 0.847261 0.294962 0.0156233 0.0389067 0.675958 521
0 0.690635 0.410392 0.0485943 0.0938734 0.551392 523
0 0.583803 0.615934 0.018498 0.0481489 0.672303 533
0 0.491433 0.420729 0.0161195 0.0275836 0.552185 534
0 0.490788 0.376423 0.0193117 0.0412265 0.623599 539
0 0.254928 0.851417 0.0184031 0.053369 0.66293 94
0 0.559073 0.07902 0.0903973 0.15018 0.701533 31
0 0.317211 0.714768 0.0386504 0.0754369 0.340533 44
0 0.807418 0.308908 0.0367958 0.0702403 0.43721 269
0 0.860877 0.582071 0.0171807 0.0443538 0.368935 373
0 0.920453 0.865314 0.0137534 0.0342364 0.644925 388
0 0.40165 0.723005 0.0300065 0.0835836 0.485827 125
0 0.290777 0.922065 0.0127706 0.041562 0.433659 209
0 0.640441 0.202349 0.0175991 0.0457862 0.6534 225
0 0.476212 0.915863 0.0190147 0.0639341 0.598444 74
0 0.618438 0.343329 0.0274581 0.0586081 0.659648 27
0 0.2657 0.777565 0.01501 0.0480562 0.503333 236
0 0.877236 0.274588 0.0171137 0.0531123 0.676806 272
0 0.577644 0.870661 0.0203053 0.0557285 0.487316 75
0 0.629484 0.557175 0.0189702 0.0284407 0.325129 105
