0 0.856163 0.525277 0.121458 0.168123 0.871802 1
0 0.27718 0.225394 0.0766553 0.0964022 0.717129 2
0 0.422871 0.708722 0.0738298 0.198124 0.745776 4
0 0.960909 0.53002 0.0747953 0.199434 0.808798 5
0 0.461718 0.129237 0.0688466 0.129786 0.770042 6
0 0.732106 0.419255 0.0166305 0.0485406 0.460119 7
0 0.374057 0.234394 0.076144 0.122712 0.765555 8
0 0.457335 0.341674 0.0203308 0.0597024 0.525182 9
0 0.856568 0.730416 0.0175899 0.0530594 0.489361 12
0 0.739168 0.161046 0.0824271 0.135991 0.605072 13
0 0.636228 0.187259 0.0205288 0.0623085 0.70468 14
0 0.590879 0.383135 0.0916982 0.14246 0.774161 16
0 0.322334 0.339197 0.0193731 0.0666707 0.580534 17
0 0.747336 0.358358 0.0219043 0.0609689 0.717745 18
0 0.773127 0.396051 0.0229047 0.062517 0.734815 21
0 0.536341 0.126079 0.062034 0.0631679 0.781266 22
0 0.954004 0.671334 0.0251804 0.0521386 0.69544 23
0 0.942956 0.754417 0.0180407 0.0470899 0.701153 26
0 0.666009 0.128825 0.0188947 0.0556137 0.771145 27
0 0.357939 0.329433 0.0160479 0.0641012 0.580735 28
0 0.693004 0.398747 0.0226047 0.0720038 0.679279 29
0 0.619448 0.594538 0.0544164 0.222505 0.346157 30
0 0.592497 0.0845801 0.146848 0.152545 0.785182 31
0 0.883023 0.741907 0.0203811 0.0553477 0.697741 32
0 0.243494 0.322303 0.0231189 0.076387 0.55551 33
0 0.739672 0.928156 0.0293792 0.0753031 0.443282 35
0 0.161585 0.541856 0.0376732 0.0954103 0.641443 36
0 0.328717 0.623682 0.0222998 0.0460634 0.358879 37
0 0.266247 0.409485 0.056319 0.103575 0.660389 38
0 0.906258 0.778271 0.0203256 0.0505666 0.649858 40
0 0.652692 0.388241 0.0256826 0.0633097 0.425829 42
0 0.147134 0.436059 0.0161734 0.0523411 0.536974 43
0 0.385049 0.410644 0.0331955 0.105182 0.42167 44
0 0.781004 0.509254 0.025621 0.0654184 0.395716 45
0 0.946566 0.409629 0.018513 0.0422483 0.655459 47
0 0.532517 0.451737 0.0165632 0.0514493 0.494417 48
0 0.514407 0.355787 0.025015 0.0672267 0.671741 50
0 0.782399 0.880683 0.0292117 0.086742 0.482111 51
0 0.380348 0.834262 0.0317274 0.0844031 0.590224 55
0 0.710278 0.612415 0.0762008 0.207256 0.349912 56
0 0.790901 0.294065 0.046874 0.0790317 0.515438 59
0 0.923504 0.348793 0.0252949 0.0661036 0.610912 60
0 0.853707 0.340169 0.10288 0.157962 0.816935 63
0 0.218228 0.426056 0.0213449 0.084932 0.392041 64
0 0.336016 0.716092 0.0305735 0.0888792 0.717996 67
0 0.371064 0.103942 0.0254242 0.0731496 0.632163 68
0 0.774513 0.792382 0.0183562 0.0592572 0.59402 69
0 0.978675 0.399618 0.0138944 0.0399763 0.571187 72
0 0.768265 0.0724397 0.0143569 0.0424194 0.54804 76
0 0.309794 0.286161 0.0195906 0.0609056 0.61126 77
0 0.819494 0.713783 0.0216912 0.0694507 0.49435 78
0 0.185449 0.692044 0.0432985 0.123566 0.321346 79
0 0.942164 0.264872 0.0451807 0.0744914 0.662599 80
0 0.447388 0.272703 0.018876 0.0641053 0.771729 83
0 0.866578 0.407146 0.0126571 0.0401202 0.60523 84
0 0.100633 0.684323 0.0468814 0.132008 0.620435 85
0 0.370756 0.664913 0.0265851 0.0697392 0.501977 91
0 0.850763 0.193587 0.0485836 0.0873881 0.306437 92
0 0.721619 0.273554 0.0277378 0.0693383 0.517761 95
0 0.841315 0.639774 0.0204747 0.0566024 0.698544 96
0 0.927634 0.856284 0.0217852 0.0533489 0.670955 97
0 0.525435 0.238578 0.096618 0.140249 0.764272 98
0 0.697598 0.0830552 0.0133933 0.0360734 0.474232 101
0 0.682746 0.330066 0.0139289 0.0375267 0.434655 102
0 0.273869 0.703028 0.0483989 0.121055 0.51678 103
0 0.62215 0.58847 0.0344014 0.133835 0.316287 108
0 0.450441 0.481088 0.0871746 0.183315 0.77315 109
0 0.516471 0.518267 0.0232002 0.0706526 0.733895 111
0 0.212281 0.546243 0.0440729 0.119369 0.635214 112
0 0.493437 0.752622 0.0258931 0.0896356 0.564195 119
0 0.779896 0.220403 0.0447858 0.082292 0.499411 121
0 0.730651 0.732258 0.0252567 0.0657169 0.534637 123
0 0.215962 0.144237 0.0514217 0.0913107 0.520585 128
0 0.602563 0.790888 0.0218805 0.0630532 0.664264 129
0 0.0975289 0.452856 0.0236111 0.0848433 0.724213 131
0 0.675225 0.278858 0.0299828 0.0731739 0.575771 139
0 0.633975 0.288695 0.0206561 0.0720708 0.620661 140
0 0.778863 0.660785 0.0537299 0.0879024 0.320929 149
0 0.919052 0.705425 0.0206603 0.0601706 0.647841 154
0 0.321201 0.0595987 0.0679328 0.102488 0.7485 156
0 0.881482 0.9276 0.021748 0.0506696 0.59527 162
0 0.972454 0.336323 0.047472 0.08263 0.640543 163
0 0.960283 0.858049 0.0155589 0.0425748 0.600843 165
0 0.40319 0.117258 0.0214402 0.0588211 0.51293 170
0 0.485051 0.897939 0.0160568 0.0261218 0.371699 20
0 0.259271 0.574475 0.0309466 0.0873615 0.489976 106
0 0.786771 0.459505 0.0134107 0.0366913 0.498538 117
0 0.177859 0.47079 0.0275259 0.0745266 0.62271 110
0 0.374857 0.584665 0.0227689 0.0889878 0.524761 10
0 0.4696 0.877028 0.0133109 0.0247329 0.349037 124
