0 0.60272 0.574025 0.0479182 0.0673324 0.482135 13
0 0.802644 0.66841 0.0156128 0.0411631 0.711515 60
0 0.721446 0.769634 0.101362 0.135659 0.796245 63
0 0.848514 0.629816 0.0527399 0.0890107 0.64217 80
0 0.629449 0.78633 0.0453453 0.0920587 0.398606 95
0 0.359479 0.0528572 0.100201 0.105714 0.788952 98
0 0.558742 0.820581 0.0215724 0.0508025 0.689283 102
0 0.965952 0.785375 0.0633717 0.0897098 0.515079 185
0 0.339303 0.657746 0.0809536 0.13644 0.688884 189
0 0.810948 0.613162 0.0210159 0.0465469 0.64706 260
0 0.624118 0.212804 0.0959531 0.155463 0.836634 274
0 0.559965 0.687352 0.0202902 0.0449902 0.538649 299
0 0.852453 0.549767 0.0196722 0.0510294 0.627907 312
0 0.316644 0.397781 0.0774441 0.145791 0.619581 329
0 0.39032 0.397168 0.0576624 0.108559 0.635428 337
0 0.593677 0.829719 0.0169321 0.0427644 0.640243 370
0 0.454913 0.728502 0.0181014 0.036535 0.635828 380
0 0.707714 0.207897 0.0470432 0.0879229 0.527321 386
0 0.505471 0.766853 0.0779844 0.163476 0.702958 3
0 0.672139 0.502459 0.021437 0.0554891 0.629544 101
0 0.576871 0.639963 0.0173371 0.0421753 0.653871 448
0 0.565532 0.755986 0.0220539 0.0538392 0.56076 455
0 0.708469 0.479938 0.0195719 0.0478137 0.658068 456
0 0.371887 0.774276 0.024887 0.0550474 0.759801 465
0 0.536679 0.843154 0.0172068 0.0482215 0.727446 140
0 0.730799 0.612762 0.0741071 0.10145 0.786295 92
0 0.43683 0.346063 0.0215355 0.0509337 0.673007 514
0 0.788296 0.488312 0.016984 0.0439014 0.682481 521
0 0.61801 0.680031 0.061983 0.126383 0.526585 523
0 0.527077 0.3196 0.0910756 0.159886 0.808214 31
0 0.748581 0.488899 0.0346219 0.0676447 0.412262 269
0 0.428609 0.536372 0.0744808 0.194873 0.740829 562
0 0.563284 0.388812 0.0568079 0.0953039 0.615828 563
0 0.675289 0.618629 0.0177637 0.0334436 0.690357 582
0 0.946065 0.609374 0.100504 0.154037 0.849831 594
0 0.578228 0.446005 0.021889 0.0524155 0.655618 225
0 0.81562 0.447455 0.020411 0.0567039 0.654246 272
0 0.466674 0.643207 0.0190181 0.0499736 0.701608 600
0 0.785678 0.431286 0.0167863 0.0404238 0.73581 601
0 0.491485 0.526107 0.0227527 0.0466953 0.561314 603
0 0.196263 0.340973 0.101558 0.215471 0.793088 604
0 0.880439 0.464403 0.016683 0.0358336 0.70845 620
0 0.242732 0.557138 0.0227502 0.0528103 0.52077 624
0 0.472909 0.241683 0.0562395 0.115699 0.704106 625
0 0.480979 0.475996 0.0174167 0.0536785 0.419944 627
0 0.426574 0.292697 0.0182293 0.0453551 0.713736 630
0 0.535527 0.511765 0.0484801 0.0943763 0.482486 14
0 0.823944 0.34115 0.0988841 0.11772 0.853036 249
0 0.891234 0.507707 0.0197472 0.0490514 0.643607 656
0 0.131743 0.521601 0.0184917 0.0553927 0.753445 670
0 0.208882 0.618159 0.0399908 0.091792 0.424002 673
0 0.880554 0.556295 0.0149386 0.0365854 0.722958 674
0 0.0824899 0.58755 0.0487598 0.0840175 0.495476 675
0 0.502229 0.475038 0.0188143 0.0359623 0.615151 682
0 0.140717 0.598354 0.0449792 0.0891715 0.657985 687
0 0.35707 0.214028 0.0499678 0.0958036 0.483998 692
0 0.500238 0.604084 0.0296552 0.0918883 0.306588 700
0 0.814805 0.532245 0.0231364 0.0575588 0.542781 219
0 0.270925 0.70736 0.0497414 0.0891201 0.354917 476
0 0.373201 0.291002 0.015559 0.0315824 0.664962 704
0 0.2825 0.283804 0.0175052 0.0480905 0.669857 709
0 0.561671 0.195839 0.0171144 0.0428191 0.683378 710
0 0.419238 0.244331 0.0184248 0.0428775 0.649615 711
0 0.357836 0.322153 0.0163484 0.0386774 0.728417 712
0 0.304558 0.224341 0.0346251 0.090976 0.56072 713
0 0.225578 0.462232 0.0257993 0.0540615 0.635216 715
0 0.51374 0.419357 0.0163541 0.0323519 0.742047 716
0 0.521037 0.204622 0.0191624 0.0472433 0.679306 717
0 0.695698 0.683011 0.0201017 0.0394109 0.631507 718
0 0.194379 0.520413 0.0238186 0.0665162 0.621305 729
0 0.395646 0.476576 0.0154466 0.0415805 0.643848 732
0 0.261553 0.611894 0.0216837 0.0619867 0.6103 733
0 0.216883 0.687578 0.0182145 0.0462992 0.695439 765
0 0.871632 0.364406 0.01625 0.0340653 0.642455 369
0 0.34366 0.522957 0.0633286 0.115577 0.485032 775
0 0.921181 0.507068 0.0165963 0.0390863 0.677263 780
0 0.891386 0.677974 0.0229012 0.0434927 0.542495 785
0 0.453138 0.393597 0.0222029 0.0551616 0.469717 805
0 0.644599 0.332072 0.0788474 0.107519 0.691038 806
0 0.945813 0.362434 0.100149 0.208571 0.824192 811
0 0.178376 0.602334 0.0155315 0.049101 0.615996 819
0 0.73831 0.413283 0.0413844 0.068432 0.486016 302
0 0.868177 0.727206 0.0293273 0.0684393 0.437342 467
0 0.384733 0.67392 0.0165054 0.0391006 0.738026 477
0 0.273426 0.469412 0.0158775 0.0427948 0.679787 327
0 0.78167 0.579842 0.014763 0.0391953 0.683613 228
0 0.753329 0.341917 0.0198199 0.0504394 0.711334 824
0 0.611787 0.434366 0.0179359 0.0346509 0.717406 827
0 0.808654 0.22434 0.0350827 0.0663494 0.442795 828
0 0.0976649 0.420906 0.0658521 0.128045 0.673986 829
0 0.287749 0.506708 0.019802 0.0467934 0.656197 833
0 0.830794 0.591395 0.0136811 0.0290586 0.665563 840
0 0.678713 0.394833 0.044463 0.0816542 0.504119 847
0 0.274242 0.56126 0.017539 0.0430006 0.674595 852
0 0.461034 0.688001 0.0164453 0.0285811 0.43009 855
0 0.862308 0.41958 0.0492716 0.0793518 0.362438 861
0 0.880843 0.226835 0.0259676 0.0595454 0.505026 865
0 0.596576 0.499385 0.0230206 0.0479762 0.659321 867
0 0.697459 0.557103 0.0313901 0.0700993 0.596969 868
0 0.571243 0.53492 0.0182512 0.0370302 0.67021 869
0 0.505092 0.148339 0.0176388 0.0344217 0.631248 870
0 0.72175 0.135419 0.0145268 0.0384597 0.715026 871
0 0.699422 0.130867 0.0200872 0.0458759 0.698999 873
0 0.670467 0.257582 0.0175236 0.044387 0.699998 874
0 0.447704 0.100476 0.0925327 0.18262 0.824604 875
0 0.548844 0.143832 0.0290304 0.0705465 0.645611 877
0 0.841653 0.239789 0.0164165 0.0429209 0.641545 879
0 0.731034 0.272306 0.0394064 0.0717435 0.514416 886
0 0.652548 0.47013 0.0173185 0.0382324 0.774022 888
0 0.629988 0.462296 0.0193806 0.0367434 0.752215 901
0 0.282889 0.19618 0.0146019 0.0356424 0.589526 902
0 0.941487 0.90142 0.0124088 0.0301329 0.568676 905
0 0.2945 0.548113 0.0127618 0.0262398 0.497935 907
0 0.744146 0.178973 0.0157629 0.0382419 0.70061 909
0 0.720947 0.346021 0.0158475 0.0290831 0.474864 917
0 0.766561 0.536478 0.0141102 0.039332 0.63619 648
0 0.344524 0.448117 0.0129595 0.0410278 0.575781 744
0 0.723951 0.380699 0.0161415 0.0263581 0.435102 943
0 0.391467 0.298119 0.0153158 0.035882 0.669033 725
0 0.732245 0.893643 0.0168858 0.0485902 0.579926 84
0 0.51146 0.107086 0.0149474 0.034685 0.529091 945
0 0.968513 0.501641 0.017383 0.0411027 0.678062 946
0 0.695694 0.448979 0.0159307 0.0362564 0.680276 950
0 0.669686 0.691532 0.0250599 0.0677493 0.626451 59
0 0.224433 0.728323 0.017398 0.0363724 0.596151 681
0 0.526089 0.454163 0.0149845 0.0337714 0.64797 768
0 0.259517 0.209757 0.0149207 0.0413065 0.701191 965
0 0.56365 0.0954911 0.016605 0.035223 0.479558 968
0 0.210218 0.554092 0.0131259 0.0277687 0.365583 973
0 0.149596 0.480295 0.0153815 0.0434107 0.666502 790
0 0.898869 0.269397 0.0129108 0.0369069 0.481514 906
0 0.280352 0.131027 0.0581415 0.098648 0.707977 988
0 0.604835 0.0966523 0.0261438 0.067531 0.482745 994
0 0.629242 0.51531 0.0203629 0.0513626 0.651381 1001
0 0.741207 0.131582 0.013185 0.0313396 0.528485 1002
0 0.339121 0.293641 0.0257838 0.053185 0.62588 1008
0 0.823148 0.0867196 0.0881789 0.148426 0.769509 174
0 0.171461 0.480998 0.0133912 0.0351567 0.452319 1025
0 0.122851 0.271578 0.048796 0.102188 0.338114 1027
0 0.862503 0.159875 0.0628217 0.0825979 0.709809 1032
0 0.222628 0.519333 0.0151662 0.038117 0.620612 1040
0 0.734498 0.0843145 0.0420837 0.0581408 0.453381 1041
0 0.725654 0.541728 0.0137933 0.0320263 0.309355 1045
0 0.987791 0.753566 0.011881 0.0275043 0.519687 1047
0 0.621279 0.605524 0.0154407 0.0270628 0.483624 1048
0 0.519991 0.0486636 0.0304662 0.0692127 0.56324 1049
0 0.640503 0.424326 0.0125445 0.0320522 0.525489 1053
0 0.38385 0.259568 0.0138783 0.0267941 0.518663 1055
0 0.172191 0.20826 0.0184527 0.048947 0.741096 1056
0 0.577988 0.157449 0.0125917 0.0359736 0.576886 1057
0 0.530885 0.681485 0.013498 0.0347669 0.622946 1059
0 0.391953 0.836996 0.018304 0.0364009 0.54074 114
0 0.527923 0.61082 0.0653434 0.0972553 0.438839 27
0 0.839161 0.487791 0.0161543 0.0417425 0.751109 1064
0 0.923229 0.189332 0.0195441 0.0521622 0.392517 1065
0 0.199903 0.163358 0.0181031 0.0637039 0.712695 1066
0 0.981426 0.468897 0.0180426 0.043549 0.637795 1068
0 0.244841 0.505475 0.0159264 0.0352556 0.65896 1073
0 0.273668 0.633978 0.020314 0.0473481 0.544247 1075
0 0.773631 0.66267 0.0116933 0.0340229 0.391507 1076
0 0.778262 0.263341 0.0128291 0.0389894 0.631816 1085
0 0.425527 0.891144 0.0219457 0.0525012 0.53891 517
0 0.394733 0.881928 0.0154065 0.0365587 0.562335 424
0 0.0988884 0.760943 0.0179478 0.0513802 0.74653 776
0 0.819286 0.571209 0.0130931 0.0195459 0.519054 999
0 0.247889 0.0705958 0.0195261 0.0517895 0.720013 1087
0 0.306169 0.5895 0.0154465 0.0453557 0.663984 1089
0 0.34123 0.80158 0.018982 0.0522386 0.750858 170
0 0.409113 0.762675 0.0242556 0.0492137 0.593898 910
0 0.360366 0.830889 0.0151469 0.0357519 0.581794 475
0 0.41775 0.843006 0.0172932 0.0365107 0.636115 534
0 0.928818 0.891033 0.0129791 0.0321954 0.413949 163
0 0.56793 0.293605 0.0491813 0.0502683 0.731143 800
0 0.929059 0.701328 0.012423 0.0345002 0.505056 72
0 0.561693 0.91089 0.023103 0.0611965 0.661184 127
0 0.383443 0.81134 0.017398 0.0376485 0.618022 556
0 0.230197 0.422441 0.0147091 0.0260398 0.361289 837
0 0.43354 0.791144 0.0184271 0.0452561 0.740299 54
0 0.416459 0.125862 0.0355452 0.12533 0.560288 480
0 0.0699783 0.650214 0.0178651 0.0501927 0.465041 972
0 0.759952 0.438775 0.0120918 0.0235766 0.389648 884
0 0.859069 0.778903 0.093922 0.168433 0.420327 47
