0 0.57655 0.630673 0.101758 0.168395 0.400978 274
0 0.665208 0.550486 0.0622306 0.107006 0.589453 386
0 0.361157 0.412173 0.0590574 0.122018 0.802397 269
0 0.813858 0.789683 0.0242168 0.0582776 0.4631 620
0 0.720204 0.752812 0.0980616 0.158443 0.735042 249
0 0.798626 0.87748 0.0223167 0.0595471 0.648404 656
0 0.196135 0.179215 0.0638158 0.15132 0.592069 219
0 0.481271 0.779589 0.0167836 0.0481476 0.404205 717
0 0.527873 0.813235 0.0226056 0.0596174 0.66364 806
0 0.905925 0.614778 0.0256931 0.0605111 0.657441 811
0 0.65983 0.855505 0.0199007 0.0566027 0.660346 302
0 0.736094 0.549351 0.02333 0.0611915 0.722745 828
0 0.58757 0.807551 0.0172346 0.0506625 0.616635 847
0 0.797685 0.551312 0.0506691 0.117329 0.332537 865
0 0.64612 0.470623 0.0192869 0.0559436 0.705298 873
0 0.400417 0.768613 0.0301228 0.0813907 0.512145 875
0 0.496171 0.670034 0.0171189 0.0510382 0.596066 877
0 0.743415 0.624015 0.0289307 0.0588792 0.626827 879
0 0.679338 0.612504 0.0485096 0.0826949 0.48015 886
0 0.695195 0.485556 0.0168053 0.0499408 0.72342 909
0 0.812571 0.664059 0.0222781 0.0514927 0.606005 906
0 0.768456 0.378504 0.111868 0.211897 0.828943 174
0 0.45293 0.541754 0.0229447 0.0647356 0.629114 1049
0 0.907848 0.419147 0.0713089 0.106369 0.640385 1065
0 0.188988 0.779329 0.0193099 0.0559865 0.673654 1066
0 0.1634 0.680714 0.0334774 0.109047 0.498585 1087
0 0.459993 0.197121 0.0631676 0.103908 0.652385 480
0 0.492011 0.32211 0.0162503 0.0444919 0.663017 1143
0 0.723892 0.268777 0.0318202 0.0760012 0.714541 1153
0 0.609198 0.333526 0.0192181 0.0576481 0.67615 1161
0 0.359988 0.475717 0.0705949 0.123885 0.684129 1195
0 0.650228 0.291098 0.0161453 0.0512644 0.69997 1198
0 0.864511 0.331487 0.0143282 0.0404728 0.663641 1205
0 0.121484 0.608895 0.0196864 0.0687051 0.639079 1221
0 0.930437 0.824817 0.021226 0.0481572 0.666722 1239
0 0.522617 0.255816 0.0552028 0.0877729 0.597087 1247
0 0.553146 0.337331 0.0712074 0.104462 0.727398 93
0 0.756239 0.246712 0.017205 0.043778 0.59796 1254
0 0.235171 0.43266 0.0803027 0.129784 0.781523 1255
0 0.616878 0.213327 0.0592868 0.133536 0.699172 1258
0 0.395433 0.328581 0.0197654 0.0620514 0.648411 1264
0 0.707925 0.230375 0.0164099 0.0359526 0.530417 1285
0 0.734998 0.208749 0.0163607 0.0331984 0.621924 1287
0 0.433642 0.312164 0.0224812 0.0687122 0.458629 1304
0 0.477352 0.270221 0.0207169 0.0615368 0.568309 1312
0 0.112586 0.689017 0.0175408 0.0698053 0.423031 1328
0 0.572633 0.254745 0.0163755 0.0475023 0.71463 1334
0 0.31918 0.689207 0.0209961 0.0707404 0.603405 1226
0 0.69187 0.176553 0.0565449 0.0981505 0.639919 1345
0 0.314929 0.289215 0.019101 0.0622635 0.631506 1393
0 0.917847 0.330662 0.016013 0.0432383 0.621539 1414
0 0.680659 0.362664 0.0171034 0.0513542 0.673398 1420
0 0.569273 0.205048 0.01452 0.0403942 0.539922 1425
0 0.758535 0.198568 0.0170849 0.0380132 0.672787 1428
0 0.392728 0.229923 0.0194491 0.0586575 0.528555 1429
0 0.7395 0.161097 0.0189603 0.0535656 0.722904 1442
0 0.93944 0.542211 0.0311848 0.0637279 0.506459 1447
0 0.682516 0.423603 0.0244183 0.0589866 0.367671 1041
0 0.442939 0.474023 0.0224686 0.0634159 0.676916 1365
0 0.346328 0.390168 0.0193474 0.0515689 0.542347 1469
0 0.314461 0.36259 0.0225423 0.061683 0.692313 1470
0 0.164735 0.532704 0.0183078 0.06099 0.648587 1472
0 0.284763 0.670217 0.0204072 0.0751257 0.363863 1473
0 0.68142 0.261759 0.018626 0.0518534 0.514219 1199
0 0.212143 0.601308 0.0288025 0.0875548 0.503104 1266
0 0.829918 0.428723 0.0666998 0.108725 0.421914 1032
0 0.840349 0.538755 0.0472675 0.0812219 0.421302 1514
0 0.579167 0.126884 0.0489858 0.101681 0.64133 1515
0 0.260286 0.336124 0.0216567 0.0516036 0.492119 1525
0 0.289928 0.320365 0.0157198 0.0469826 0.651224 1415
0 0.348508 0.163811 0.0580177 0.102631 0.710407 907
0 0.421292 0.12835 0.0686888 0.124984 0.778339 1537
0 0.809773 0.202164 0.0193069 0.0603177 0.694612 1552
0 0.247479 0.646934 0.0368261 0.0769742 0.492815 988
0 0.314579 0.512762 0.0178902 0.0620141 0.692396 1056
0 0.525069 0.120347 0.0396909 0.0933937 0.558531 1562
0 0.937385 0.726797 0.0444115 0.0700255 0.522089 1563
0 0.387213 0.537761 0.0163042 0.0552519 0.658524 1567
0 0.85086 0.934473 0.0277785 0.061239 0.394573 784
0 0.888958 0.774424 0.0200645 0.042681 0.679735 1068
0 0.906287 0.899606 0.017293 0.0445613 0.434309 1583
0 0.658371 0.242841 0.0157735 0.0395575 0.734757 1584
0 0.080659 0.623274 0.0271149 0.0720416 0.416066 1589
0 0.251148 0.573839 0.0192212 0.0622031 0.666736 1602
0 0.701651 0.658016 0.0184566 0.0482861 0.575814 1085
0 0.488119 0.8402 0.0220286 0.0655022 0.732931 1220
0 0.469847 0.430738 0.0167703 0.0489079 0.608111 1359
0 0.599748 0.485807 0.0211777 0.0563665 0.605518 1402
0 0.53483 0.876149 0.0203386 0.0606919 0.767141 1620
0 0.904002 0.229939 0.102543 0.169041 0.744306 1632
0 0.112454 0.551244 0.0155189 0.0502245 0.523371 1638
0 0.44149 0.837582 0.0143621 0.0407974 0.457294 1207
0 0.566804 0.768982 0.0219064 0.0616361 0.670342 888
0 0.624773 0.786409 0.0265454 0.071885 0.583779 917
0 0.319229 0.614528 0.0191903 0.068795 0.520527 1655
0 0.815438 0.13057 0.0200137 0.0528846 0.643935 1656
0 0.483836 0.0895694 0.0193621 0.0468268 0.584646 1658
0 0.962474 0.315834 0.0532314 0.10482 0.550016 1664
0 0.117425 0.398515 0.0197739 0.0694859 0.540899 1666
0 0.426011 0.646438 0.0551137 0.1085 0.542102 1150
0 0.520302 0.735914 0.0215397 0.067716 0.717792 706
0 0.355302 0.740797 0.023039 0.0684977 0.696783 1174
0 0.719427 0.0490303 0.0542255 0.0980606 0.640121 1129
0 0.85741 0.658859 0.0215221 0.0471709 0.670323 1691
0 0.407478 0.581335 0.0194007 0.0560079 0.553832 1693
0 0.280397 0.52495 0.0162769 0.0617773 0.496643 1708
0 0.192457 0.520434 0.0129563 0.0490034 0.468991 1713
0 0.446879 0.399218 0.0252383 0.0617538 0.447403 1717
0 0.856504 0.754196 0.0220467 0.0577421 0.575747 76
0 0.503281 0.512292 0.0328271 0.0788093 0.432509 1332
0 0.47819 0.678367 0.0269019 0.0845626 0.514414 870
0 0.512032 0.58518 0.0266014 0.067476 0.368002 710
0 0.901754 0.505514 0.0200188 0.0511016 0.743528 1731
0 0.933407 0.657461 0.024529 0.0533693 0.603223 1735
0 0.95246 0.603826 0.021013 0.0504146 0.703434 1738
0 0.779802 0.147877 0.0157993 0.0452781 0.581698 1739
0 0.928847 0.48193 0.0203767 0.0509265 0.679043 1743
0 0.97699 0.396707 0.0167004 0.0443527 0.737597 1744
0 0.97467 0.47228 0.0345699 0.0848257 0.517866 1745
0 0.409731 0.375506 0.0162015 0.0481316 0.727333 1756
0 0.903255 0.557623 0.0181585 0.0417978 0.64276 1758
0 0.485857 0.137806 0.0143628 0.0352395 0.498312 1770
0 0.375303 0.386271 0.0141792 0.048741 0.379743 1277
0 0.812698 0.735121 0.0242383 0.0484585 0.559367 369
0 0.364687 0.293904 0.0225133 0.0775681 0.572136 1775
0 0.971739 0.816275 0.0193834 0.0463355 0.702199 1778
0 0.148944 0.275797 0.0817502 0.153307 0.677307 1779
0 0.870287 0.556532 0.022809 0.0549152 0.465299 1781
0 0.41867 0.52229 0.0180621 0.051255 0.515268 1783
0 0.362796 0.579677 0.0197672 0.0716296 0.516912 1784
0 0.598238 0.753415 0.0183194 0.0497102 0.580271 1787
0 0.840843 0.702006 0.0144334 0.0392788 0.58866 1799
0 0.391252 0.631339 0.0158587 0.050406 0.498909 1808
0 0.307882 0.573119 0.0139788 0.0373055 0.311296 830
0 0.977565 0.68478 0.0382365 0.0998844 0.48438 1564
0 0.946452 0.865828 0.0224348 0.0455678 0.509366 1516
0 0.604178 0.433937 0.0139811 0.0337552 0.579659 1640
0 0.266382 0.744232 0.0198154 0.0749894 0.387398 1541
0 0.884976 0.864578 0.0172765 0.0479524 0.710353 1353
0 0.240469 0.523034 0.0149524 0.0455269 0.344002 1518
0 0.175227 0.444988 0.0189015 0.0783954 0.480389 1521
0 0.182519 0.822942 0.0147441 0.0391035 0.586125 705
0 0.854205 0.831397 0.012504 0.0284766 0.326102 780
0 0.828727 0.858859 0.0229275 0.045489 0.672678 594
0 0.521148 0.556968 0.0174695 0.0407009 0.321706 1057
0 0.621597 0.374437 0.0160442 0.0397778 0.49946 1122
0 0.769711 0.780855 0.0293822 0.0707634 0.435195 230
0 0.579655 0.444389 0.0246628 0.0548599 0.475143 1336
0 0.846767 0.320394 0.0127583 0.0281404 0.498721 1357
0 0.683906 0.854218 0.0136871 0.0399946 0.365064 884
