0 0.839269 0.564932 0.12503 0.182268 0.822838 1
0 0.266497 0.312121 0.0719177 0.0987488 0.762087 2
0 0.409259 0.790041 0.0501749 0.122803 0.507586 4
0 0.955744 0.560768 0.0815105 0.216532 0.780599 5
0 0.454172 0.192796 0.0815627 0.146845 0.763662 6
0 0.725683 0.477522 0.0185732 0.0575404 0.729216 7
0 0.358928 0.306169 0.0752246 0.12562 0.753593 8
0 0.440774 0.424588 0.0207459 0.0638169 0.689996 9
0 0.724394 0.201448 0.0746231 0.144212 0.70955 13
0 0.63042 0.225523 0.0216793 0.0662424 0.692698 14
0 0.582051 0.461525 0.0854908 0.163315 0.77075 16
0 0.736476 0.409986 0.021365 0.0583969 0.690829 18
0 0.765737 0.442644 0.0214981 0.066749 0.647605 21
0 0.315962 0.0231316 0.0853781 0.0462632 0.79055 22
0 0.9497 0.707328 0.0285487 0.0559781 0.690263 23
0 0.935128 0.798562 0.0166022 0.0416123 0.613909 26
0 0.66319 0.16407 0.0198297 0.0522224 0.782449 27
0 0.352647 0.400685 0.0148328 0.0474742 0.673361 28
0 0.681003 0.469842 0.0364902 0.0950214 0.491046 29
0 0.615435 0.579303 0.036916 0.125925 0.599151 30
0 0.574246 0.104317 0.173108 0.185323 0.792132 31
0 0.237534 0.398189 0.021391 0.0731192 0.45334 33
0 0.14768 0.720617 0.0196352 0.0642625 0.51431 36
0 0.254184 0.486896 0.0567317 0.0996652 0.585724 38
0 0.894129 0.821554 0.021132 0.0549446 0.71092 40
0 0.378155 0.486134 0.0339069 0.0936376 0.653611 44
0 0.765665 0.537814 0.0224155 0.0563623 0.634191 45
0 0.934932 0.446691 0.0210124 0.0455261 0.686773 47
0 0.521394 0.525195 0.0170309 0.0524587 0.564192 48
0 0.504893 0.419385 0.0245659 0.0591286 0.513548 50
0 0.716362 0.638943 0.0414053 0.128032 0.451074 56
0 0.775786 0.341484 0.0512134 0.0791807 0.718887 59
0 0.917033 0.386375 0.0234853 0.0623467 0.670944 60
0 0.845109 0.38144 0.103909 0.146971 0.826381 63
0 0.20847 0.497383 0.0168468 0.0561804 0.541658 64
0 0.359189 0.177156 0.0245889 0.0757272 0.638086 68
0 0.765746 0.105464 0.014866 0.0440488 0.571308 76
0 0.295035 0.376434 0.0160958 0.0487223 0.563705 77
0 0.808939 0.76256 0.0388454 0.104242 0.355979 78
0 0.943019 0.279854 0.0630863 0.115829 0.679414 80
0 0.438004 0.339259 0.0199838 0.0728997 0.687802 83
0 0.835478 0.236294 0.0464505 0.0839469 0.418382 92
0 0.714493 0.328934 0.0268678 0.0689537 0.493762 95
0 0.836827 0.68456 0.0153943 0.0498541 0.449343 96
0 0.529027 0.300701 0.101143 0.154863 0.740068 98
0 0.694948 0.118153 0.014893 0.0366379 0.629251 101
0 0.677386 0.373108 0.0157839 0.0343072 0.582628 102
0 0.261342 0.803252 0.0413226 0.113392 0.414232 103
0 0.610864 0.640291 0.0416528 0.169782 0.463317 108
0 0.447128 0.55032 0.0728318 0.163414 0.610885 109
0 0.503894 0.605011 0.0234756 0.0687133 0.710101 111
0 0.207951 0.686199 0.0260969 0.0841213 0.535717 112
0 0.473296 0.799183 0.0210793 0.0676455 0.624875 119
0 0.770605 0.26409 0.0439639 0.0819529 0.559255 121
0 0.724043 0.798089 0.0224739 0.0827003 0.421241 123
0 0.191595 0.191463 0.0839691 0.121511 0.563889 128
0 0.587149 0.881676 0.0227478 0.0755939 0.516668 129
0 0.661965 0.338223 0.0383624 0.0781412 0.593411 139
0 0.621873 0.357272 0.0146004 0.0474008 0.498939 140
0 0.782151 0.75603 0.0665324 0.120178 0.62114 149
0 0.910013 0.746408 0.0219147 0.0609035 0.6204 154
0 0.296149 0.106074 0.109751 0.161739 0.770542 156
0 0.880113 0.949942 0.0167945 0.0439722 0.43911 162
0 0.965977 0.374899 0.0486609 0.0858785 0.692617 163
0 0.390341 0.18628 0.0223748 0.0596221 0.515897 170
0 0.258197 0.723077 0.0213691 0.0425464 0.397165 106
0 0.512842 0.469757 0.0211393 0.0514182 0.71367 174
0 0.993985 0.597537 0.0120291 0.0589398 0.490111 185
0 0.468599 0.421711 0.0206384 0.070416 0.383722 189
0 0.166324 0.571335 0.0189642 0.0435079 0.609036 110
0 0.36362 0.685301 0.0207735 0.0734825 0.671909 10
0 0.458711 0.732195 0.0265702 0.0709443 0.662116 208
0 0.316932 0.65417 0.0192038 0.0632871 0.549197 209
0 0.485155 0.695428 0.0226079 0.063571 0.587112 215
0 0.926132 0.238444 0.0201302 0.0500973 0.383192 219
0 0.310831 0.227607 0.0227314 0.0594014 0.560519 221
0 0.679336 0.091256 0.0174719 0.0451746 0.639223 225
0 0.877532 0.24777 0.0130917 0.0372119 0.444548 228
0 0.915121 0.202864 0.0135999 0.0364169 0.637568 230
0 0.984056 0.730077 0.0318873 0.113341 0.520154 234
0 0.311508 0.479472 0.0165837 0.0512142 0.667239 236
0 0.548919 0.614184 0.020785 0.0625938 0.484234 19
0 0.163717 0.436333 0.0663419 0.104923 0.520657 71
0 0.514672 0.689992 0.0163782 0.0603903 0.389984 93
0 0.685956 0.402615 0.0145984 0.028289 0.391846 105
0 0.745671 0.907177 0.0174451 0.0472828 0.389039 53
0 0.665291 0.932322 0.0184627 0.0547982 0.783196 81
0 0.65028 0.566702 0.0182636 0.0578848 0.627675 82
0 0.281402 0.671794 0.0124127 0.0460491 0.451969 94
0 0.636499 0.475979 0.0215132 0.055768 0.403582 113
0 0.960406 0.822824 0.0163735 0.0443133 0.640677 73
0 0.864493 0.784757 0.0184961 0.0552491 0.804665 12
0 0.110257 0.722693 0.0181332 0.068551 0.319615 85
0 0.0886998 0.585481 0.0178428 0.0724118 0.45414 131
