0 0.62999 0.788475 0.0362714 0.0819357 0.675335 386
0 0.849096 0.791351 0.0215054 0.0532674 0.67165 811
0 0.682161 0.78165 0.0241933 0.0616807 0.515475 828
0 0.771175 0.714318 0.0386494 0.0736146 0.549033 865
0 0.736613 0.510927 0.118513 0.20849 0.834847 174
0 0.42048 0.8519 0.0259326 0.0677165 0.701947 1049
0 0.890067 0.543238 0.0596713 0.114613 0.736216 1065
0 0.43965 0.405422 0.057314 0.112906 0.61983 480
0 0.479722 0.52652 0.0155017 0.0423209 0.638452 1143
0 0.686791 0.411596 0.0315596 0.0767402 0.605214 1153
0 0.330569 0.750472 0.0518469 0.107712 0.414512 1195
0 0.612114 0.494958 0.0193217 0.0527405 0.686079 1198
0 0.835844 0.453481 0.0136137 0.0382115 0.60765 1205
0 0.502368 0.457637 0.0504913 0.096592 0.522433 1247
0 0.533574 0.551505 0.0715155 0.135376 0.755376 93
0 0.723465 0.390153 0.0190543 0.0406266 0.542371 1254
0 0.246004 0.707636 0.0372413 0.0930294 0.319914 1255
0 0.621949 0.359696 0.105918 0.160465 0.797953 1258
0 0.376813 0.610211 0.0210741 0.0719872 0.558782 1264
0 0.446378 0.127803 0.116046 0.184994 0.847157 1285
0 0.698566 0.353114 0.0163129 0.0308262 0.575972 1287
0 0.40899 0.563301 0.0285048 0.083879 0.45784 1304
0 0.549761 0.447961 0.0184233 0.0517727 0.604062 1334
0 0.296119 0.5703 0.0190324 0.0609322 0.648348 1393
0 0.886243 0.442103 0.0169965 0.0492312 0.769539 1414
0 0.641501 0.555986 0.0214987 0.0627143 0.439257 1420
0 0.725585 0.34142 0.0194737 0.0381885 0.605201 1428
0 0.380601 0.458309 0.0226303 0.0711565 0.600403 1429
0 0.706177 0.303869 0.0250962 0.0597236 0.661626 1442
0 0.91381 0.680812 0.0232733 0.0590962 0.608042 1447
0 0.652402 0.617418 0.0304674 0.0668547 0.419842 1041
0 0.408913 0.733255 0.0221659 0.0613345 0.608891 1365
0 0.325193 0.665739 0.0177959 0.0570765 0.564962 1469
0 0.292576 0.649203 0.0201852 0.0681552 0.581692 1470
0 0.63545 0.448002 0.0205831 0.0485397 0.579213 1199
0 0.822653 0.535348 0.0562116 0.113366 0.605237 1032
0 0.796531 0.656342 0.0182757 0.0496788 0.569573 1514
0 0.553004 0.313303 0.0500371 0.10522 0.659945 1515
0 0.31269 0.345691 0.0268661 0.0765562 0.557997 907
0 0.393621 0.344352 0.0656783 0.134657 0.640201 1537
0 0.76156 0.354154 0.0244714 0.062451 0.720756 1552
0 0.499475 0.305477 0.0410688 0.111959 0.471998 1562
0 0.434481 0.694632 0.0190754 0.0422736 0.703695 1359
0 0.900893 0.291281 0.176808 0.206372 0.728011 1632
0 0.786416 0.249852 0.0232638 0.0555615 0.67531 1656
0 0.455609 0.29412 0.0195983 0.0539065 0.688604 1658
0 0.937962 0.427974 0.0656903 0.118675 0.727522 1664
0 0.403891 0.908848 0.0201067 0.0511003 0.600305 1150
0 0.689827 0.202162 0.0551286 0.113286 0.663491 1129
0 0.819103 0.827511 0.0219837 0.0491057 0.717376 1691
0 0.384253 0.843596 0.0243684 0.0734241 0.558672 1693
0 0.41729 0.655985 0.0241455 0.0644001 0.704157 1717
0 0.463101 0.785455 0.0232363 0.0779055 0.576975 1332
0 0.481343 0.859957 0.018308 0.0557874 0.688085 710
0 0.868489 0.687866 0.0217548 0.0566791 0.649026 1731
0 0.898886 0.802546 0.0180161 0.049144 0.741183 1735
0 0.916795 0.742607 0.0165642 0.0458046 0.712293 1738
0 0.751065 0.283357 0.0208572 0.0519162 0.699543 1739
0 0.892794 0.627994 0.0192744 0.0529974 0.761311 1743
0 0.948606 0.516743 0.0161652 0.0424046 0.674126 1744
0 0.98157 0.604541 0.0357475 0.0947606 0.548174 1745
0 0.391569 0.649061 0.0153199 0.0419181 0.34413 1756
0 0.862867 0.798111 0.019325 0.0405729 0.801278 369
0 0.352209 0.549103 0.0240235 0.0795105 0.628646 1775
0 0.108252 0.620425 0.0710067 0.172246 0.715298 1779
0 0.819148 0.727978 0.0200751 0.0549951 0.492758 1781
0 0.365507 0.78363 0.0147154 0.04197 0.326256 1783
0 0.846061 0.854244 0.0232977 0.0585476 0.725594 1799
0 0.646728 0.114563 0.116073 0.196915 0.819236 1817
0 0.803586 0.14001 0.115985 0.162243 0.780842 1823
0 0.323989 0.524117 0.0174667 0.0566312 0.608795 1826
0 0.817678 0.449125 0.0139632 0.037914 0.599197 1357
0 0.161622 0.55131 0.0575688 0.176963 0.379745 1849
0 0.21684 0.358046 0.0167678 0.0516534 0.491164 1852
0 0.821195 0.775991 0.0154039 0.0359715 0.537043 1856
0 0.265244 0.335054 0.0212362 0.0681959 0.661789 1869
0 0.801 0.791126 0.0173849 0.0463495 0.665686 883
0 0.32041 0.418914 0.0643039 0.102264 0.721833 1308
0 0.22228 0.510743 0.0842315 0.159161 0.71261 874
0 0.564723 0.182067 0.0200001 0.0502683 0.660219 1895
0 0.325651 0.268671 0.020988 0.0628057 0.680868 1896
0 0.463213 0.664369 0.01885 0.0519398 0.649237 1897
0 0.430499 0.262185 0.0134055 0.0435385 0.466354 1923
0 0.270461 0.60907 0.0157827 0.0449454 0.600349 1415
0 0.877437 0.863572 0.0182085 0.0501037 0.732071 1563
0 0.967122 0.716747 0.0604974 0.108123 0.725557 1564
0 0.702521 0.118171 0.0219612 0.0517571 0.757238 1930
0 0.235689 0.291882 0.0208827 0.064026 0.621121 1931
0 0.641583 0.215101 0.0203882 0.0564985 0.606305 1948
0 0.348302 0.283225 0.0145178 0.0468494 0.312932 1954
0 0.928606 0.932738 0.011945 0.0342972 0.400653 1239
0 0.695336 0.713582 0.0201907 0.0563459 0.6506 1959
0 0.313741 0.141544 0.0161647 0.0429833 0.602312 1961
0 0.228296 0.220447 0.0182088 0.0536357 0.541974 1964
0 0.541566 0.135232 0.0362901 0.0800216 0.585186 1966
0 0.263435 0.154767 0.0467659 0.0697412 0.719089 1978
0 0.984695 0.52599 0.0152345 0.0412782 0.595743 1989
0 0.222754 0.412852 0.0152118 0.0484124 0.326285 1990
0 0.19853 0.187216 0.0180309 0.0556283 0.71966 1993
0 0.474472 0.580885 0.018052 0.0467813 0.341975 1994
0 0.112009 0.391816 0.0170558 0.0614017 0.447305 2001
0 0.279569 0.229107 0.0508925 0.0828171 0.629506 2002
0 0.488243 0.217127 0.0155045 0.0367647 0.608794 2004
0 0.104143 0.467577 0.0399621 0.0936088 0.390545 2005
0 0.274258 0.397166 0.0160377 0.0427626 0.324636 2006
0 0.937582 0.596138 0.0424475 0.0994496 0.534014 2016
0 0.636083 0.589193 0.0685512 0.1245 0.378628 1144
0 0.721799 0.756777 0.0189696 0.0547241 0.517641 879
0 0.282043 0.724989 0.0191552 0.0631798 0.682002 1056
0 0.577566 0.72217 0.019463 0.0602105 0.448154 1402
0 0.793892 0.354569 0.0209751 0.0433709 0.48679 1767
0 0.242212 0.634077 0.0224835 0.0543842 0.48378 1525
0 0.742094 0.860026 0.0230126 0.0475026 0.635293 2017
0 0.350218 0.0859751 0.123499 0.145945 0.641846 2021
0 0.529828 0.238956 0.0197459 0.0456721 0.48499 2027
0 0.45 0.499342 0.0397658 0.0889161 0.481266 2031
0 0.304755 0.10187 0.0153682 0.0402675 0.599449 2033
0 0.850136 0.622744 0.0231949 0.0564305 0.677898 2036
0 0.512604 0.670506 0.0232115 0.0643684 0.533547 1348
0 0.589469 0.558649 0.0208185 0.0601091 0.752128 1122
0 0.681508 0.143439 0.0167294 0.0362365 0.590745 1943
0 0.928277 0.852904 0.0202037 0.0521356 0.729345 2048
0 0.74913 0.0565468 0.020338 0.0491862 0.676041 2050
0 0.989434 0.483476 0.0143662 0.0343085 0.639461 2055
0 0.613443 0.234749 0.0142892 0.0373022 0.557369 2058
0 0.795782 0.301363 0.0242845 0.0525224 0.624081 2063
0 0.187668 0.305532 0.0360043 0.0796389 0.470143 2067
0 0.936033 0.88649 0.0120104 0.0253141 0.396437 2072
0 0.672083 0.634209 0.0143347 0.0405714 0.644169 871
0 0.846521 0.739733 0.01691 0.0430961 0.687769 1758
0 0.609508 0.68921 0.0189441 0.0649285 0.565935 873
0 0.594917 0.669588 0.0158722 0.0416253 0.498084 1431
0 0.515056 0.756486 0.0396197 0.0811629 0.435275 994
0 0.378279 0.702378 0.0194191 0.056575 0.768166 1934
0 0.629866 0.731833 0.0191106 0.0454391 0.644494 1950
0 0.12411 0.78738 0.0172352 0.0499981 0.687269 1638
0 0.646096 0.417665 0.0163156 0.0406776 0.608357 1584
0 0.641953 0.844353 0.0164987 0.0454521 0.421639 886
0 0.629091 0.568821 0.034815 0.0874974 0.353536 1161
0 0.560845 0.741908 0.0302932 0.108395 0.45309 1864
0 0.559667 0.809317 0.021083 0.0477125 0.623179 274
0 0.818105 0.279653 0.0154324 0.0293073 0.448792 1901
0 0.538869 0.86647 0.0243518 0.0772299 0.61325 806
