0 0.829144 0.771951 0.0550983 0.0975386 0.562637 80
0 0.599207 0.376425 0.100214 0.160907 0.827447 274
0 0.826841 0.701486 0.0284466 0.051456 0.367641 312
0 0.294524 0.706876 0.0268876 0.0826008 0.520927 329
0 0.688511 0.354823 0.048798 0.105825 0.468257 386
0 0.631774 0.682007 0.037647 0.0852129 0.50299 101
0 0.67287 0.687031 0.0243331 0.050851 0.554016 456
0 0.399542 0.599186 0.0230379 0.0618553 0.560642 514
0 0.471012 0.612928 0.103633 0.16139 0.749533 31
0 0.725353 0.670234 0.0520919 0.0755267 0.485828 269
0 0.502397 0.687745 0.0581654 0.0929651 0.521084 563
0 0.93429 0.7526 0.120916 0.156459 0.834789 594
0 0.533153 0.726711 0.0211441 0.053738 0.596284 225
0 0.783802 0.599435 0.0217086 0.0621126 0.481278 272
0 0.755262 0.593513 0.0181223 0.0456178 0.712828 601
0 0.146895 0.639182 0.114973 0.198331 0.727563 604
0 0.858317 0.609566 0.0187167 0.048904 0.718287 620
0 0.458652 0.463651 0.0678028 0.12091 0.773717 625
0 0.487321 0.799975 0.0577712 0.122994 0.405936 14
0 0.791277 0.49169 0.0983885 0.141333 0.815215 249
0 0.865803 0.661962 0.031874 0.0585261 0.434104 656
0 0.328953 0.447657 0.0528393 0.110845 0.820234 692
0 0.777184 0.690763 0.050683 0.0890059 0.524738 219
0 0.346272 0.520001 0.0187701 0.0450534 0.695551 704
0 0.535385 0.361138 0.0192662 0.0454248 0.67857 710
0 0.393717 0.512037 0.0223165 0.0540581 0.416726 711
0 0.509051 0.403062 0.0207556 0.0547538 0.643459 717
0 0.843214 0.505138 0.0162253 0.0340699 0.559481 369
0 0.897146 0.641968 0.0159674 0.0444219 0.694201 780
0 0.597518 0.510152 0.117311 0.113927 0.772733 806
0 0.930947 0.487175 0.125227 0.232763 0.872048 811
0 0.707694 0.585852 0.0401281 0.0896768 0.548435 302
0 0.84763 0.886777 0.0154108 0.0421392 0.718647 467
0 0.720532 0.502567 0.0216772 0.0581664 0.517528 824
0 0.566653 0.672519 0.021797 0.0440883 0.555893 827
0 0.792774 0.335678 0.0240002 0.072513 0.355795 828
0 0.644464 0.589025 0.0490222 0.0889419 0.573437 847
0 0.826114 0.562076 0.054193 0.102495 0.485953 861
0 0.857396 0.346872 0.0450893 0.0916922 0.494762 865
0 0.483932 0.368086 0.0190752 0.0474423 0.621982 870
0 0.675921 0.273199 0.0210307 0.051153 0.738863 873
0 0.660759 0.421802 0.015949 0.0508236 0.71829 874
0 0.423454 0.326445 0.0893247 0.158467 0.84256 875
0 0.522941 0.295455 0.0395265 0.0692409 0.452262 877
0 0.813971 0.371025 0.0164322 0.0443798 0.630468 879
0 0.708579 0.418959 0.0459655 0.094297 0.579808 886
0 0.606111 0.657003 0.0176429 0.0429572 0.612751 888
0 0.574344 0.714014 0.024644 0.0588082 0.688015 901
0 0.263018 0.408667 0.0233253 0.049935 0.608398 902
0 0.726426 0.307095 0.0186643 0.0435926 0.698767 909
0 0.684556 0.518083 0.0181907 0.0302483 0.422504 917
0 0.738061 0.72555 0.0131087 0.0363087 0.450076 648
0 0.691421 0.549325 0.0184695 0.0293884 0.680779 943
0 0.485819 0.303383 0.0146076 0.033537 0.515214 945
0 0.664061 0.642176 0.0187889 0.0415538 0.723887 950
0 0.541159 0.247471 0.0186326 0.0380463 0.38451 968
0 0.859114 0.4188 0.0132229 0.0374467 0.556526 906
0 0.246829 0.347031 0.0563106 0.0926562 0.733451 988
0 0.582317 0.249544 0.022859 0.0630486 0.450688 994
0 0.721456 0.263253 0.0147509 0.0306012 0.628574 1002
0 0.79945 0.18528 0.106373 0.228673 0.850379 174
0 0.0886794 0.476374 0.066431 0.180319 0.451546 1027
0 0.849855 0.261851 0.0819265 0.0967869 0.404368 1032
0 0.498982 0.230562 0.0278436 0.0707312 0.632861 1049
0 0.26847 0.279959 0.018948 0.0486577 0.751131 1056
0 0.556703 0.319573 0.0173963 0.0460691 0.706419 1057
0 0.809548 0.637735 0.0163821 0.040821 0.767612 1064
0 0.916802 0.278549 0.0343725 0.0790973 0.491707 1065
0 0.186178 0.34696 0.0162264 0.0473423 0.622902 1066
0 0.953565 0.591778 0.0163087 0.0406936 0.440867 1068
0 0.204085 0.263546 0.0592135 0.108994 0.52634 1087
0 0.151389 0.336755 0.0180413 0.0494113 0.620178 1119
0 0.66463 0.17252 0.0326407 0.0603301 0.63866 1122
0 0.475655 0.0236606 0.0624431 0.0473212 0.636354 480
0 0.47589 0.169302 0.0178336 0.0460169 0.760199 1143
0 0.741916 0.100109 0.0237165 0.0639638 0.527589 1153
0 0.628191 0.130332 0.0189843 0.050618 0.744469 1161
0 0.59566 0.196482 0.0276451 0.068748 0.450482 1186
0 0.361583 0.206496 0.0850609 0.159304 0.694448 1195
0 0.671572 0.106687 0.0205315 0.049475 0.696026 1198
0 0.337501 0.376631 0.036176 0.0610061 0.399659 1202
0 0.751038 0.414139 0.0176077 0.0483104 0.638634 1204
0 0.885567 0.189763 0.0141051 0.0379573 0.661967 1205
0 0.306104 0.398622 0.013354 0.0285905 0.437951 830
0 0.729676 0.792866 0.0214932 0.0595297 0.50974 1215
0 0.160435 0.272252 0.017373 0.0518661 0.646543 1221
0 0.733523 0.611195 0.0195097 0.0317599 0.53731 884
0 0.988603 0.64215 0.0200452 0.0641539 0.567775 1239
0 0.535672 0.0789733 0.0516672 0.0897143 0.592153 1247
0 0.561265 0.13129 0.0757022 0.0964277 0.665638 93
0 0.688744 0.781198 0.0132721 0.0375038 0.511242 1045
0 0.772052 0.094258 0.0160782 0.0409031 0.66152 1254
0 0.23644 0.13158 0.0859794 0.125088 0.817094 1255
0 0.567507 0.605243 0.0324091 0.0733075 0.395188 1256
0 0.621997 0.0432258 0.0685641 0.0830213 0.737834 1258
0 0.388269 0.115537 0.0188533 0.0443248 0.739585 1264
0 0.411806 0.0807487 0.0188848 0.0369691 0.550318 1267
0 0.754605 0.783212 0.016348 0.0316209 0.667262 60
0 0.725719 0.0559435 0.014291 0.0325647 0.62128 1285
0 0.753224 0.0558042 0.0137529 0.0289696 0.768336 1287
0 0.716099 0.0950349 0.0191157 0.0425757 0.513003 1293
0 0.693634 0.485613 0.0150719 0.0299484 0.732274 1296
0 0.89241 0.88987 0.0198862 0.0449043 0.656882 1300
0 0.754304 0.8279 0.0144794 0.0303306 0.474349 1301
0 0.430881 0.130021 0.0367365 0.0640192 0.605671 1304
0 0.480047 0.0947952 0.0353341 0.0703237 0.521886 1312
0 0.780872 0.755064 0.0199699 0.0438371 0.662219 999
0 0.90587 0.935846 0.0145006 0.0361557 0.59256 1316
0 0.717172 0.73421 0.0170544 0.0486761 0.702453 1317
0 0.56553 0.811073 0.0202999 0.055426 0.580365 1318
0 0.876633 0.873585 0.0157738 0.035803 0.615588 1320
0 0.129995 0.293479 0.0187357 0.0607757 0.470352 1328
0 0.584667 0.0770508 0.0156015 0.0385786 0.708321 1334
0 0.0953245 0.77264 0.0172356 0.0573818 0.693031 790
0 0.370769 0.305086 0.0176418 0.0468689 0.666509 1226
0 0.701619 0.0345665 0.057918 0.0611195 0.7462 1345
0 0.435425 0.0518805 0.015882 0.0389903 0.579518 1346
0 0.553614 0.21827 0.0130885 0.0280932 0.577315 1348
0 0.868809 0.163997 0.0142647 0.0281074 0.602895 1357
0 0.497849 0.159942 0.0115909 0.0310358 0.425494 1359
0 0.677605 0.467034 0.0129345 0.0298358 0.45064 1367
0 0.392276 0.733687 0.0225567 0.0554614 0.654211 562
0 0.303137 0.785486 0.0143344 0.0471626 0.483987 732
0 0.232242 0.437882 0.0212402 0.0607252 0.694395 965
0 0.819528 0.866549 0.0200916 0.0475141 0.601133 1132
0 0.627792 0.857418 0.0207432 0.0701398 0.711973 1371
0 0.241884 0.549468 0.0226317 0.0618058 0.67941 1372
0 0.389105 0.801302 0.0214438 0.0629812 0.714505 1374
0 0.416858 0.810044 0.022039 0.0561488 0.733252 1377
0 0.781466 0.802167 0.0155835 0.0323369 0.636696 1378
0 0.286063 0.642064 0.0197922 0.0463613 0.508332 1380
0 0.246404 0.705898 0.022202 0.0695667 0.52362 1381
0 0.331266 0.0456031 0.0168392 0.0407438 0.727056 1393
0 0.614027 0.260753 0.0125877 0.0355932 0.568515 1402
0 0.632193 0.256774 0.0139297 0.034321 0.505085 1406
0 0.341008 0.69247 0.0231071 0.0603349 0.697938 919
0 0.830431 0.632856 0.012234 0.0270237 0.388026 1074
0 0.325439 0.596003 0.0433015 0.0922857 0.581297 887
0 0.529774 0.908908 0.0169571 0.0511023 0.691251 448
0 0.67275 0.860867 0.01618 0.047793 0.607714 92
0 0.363694 0.752851 0.0221254 0.0801785 0.341592 775
0 0.793813 0.829491 0.0185366 0.0454615 0.718354 1413
0 0.953097 0.239259 0.0158192 0.04457 0.686345 1414
0 0.297718 0.0843683 0.0166105 0.0445964 0.714883 1415
0 0.710626 0.176342 0.0226049 0.0507095 0.590746 1420
0 0.583125 0.0316231 0.0138735 0.0361728 0.499856 1425
0 0.773226 0.0488892 0.0151868 0.0383278 0.668804 1428
0 0.393016 0.0306988 0.0360868 0.0524994 0.466194 1429
0 0.653444 0.264957 0.013088 0.0333039 0.700801 1431
0 0.21513 0.692045 0.0174039 0.0635273 0.540858 837
0 0.606675 0.810006 0.0174069 0.0525393 0.613025 1138
0 0.366619 0.664662 0.0153824 0.0463485 0.450562 337
0 0.994779 0.53577 0.0101128 0.0393332 0.370382 1311
0 0.340524 0.0850048 0.0148858 0.0355461 0.583131 907
0 0.920836 0.887041 0.010841 0.0327851 0.477024 185
0 0.397375 0.666082 0.0135308 0.0426536 0.372463 805
0 0.666029 0.237489 0.0124731 0.0264263 0.490773 1144
0 0.367645 0.144784 0.0141022 0.0378553 0.457326 1277
0 0.531721 0.228586 0.0129205 0.0302098 0.444541 1332
0 0.45374 0.718718 0.0145238 0.0442211 0.449284 716
0 0.939818 0.627453 0.0158572 0.0367724 0.394355 946
0 0.59609 0.763022 0.0207174 0.0500497 0.736893 1001
0 0.716588 0.224488 0.0200681 0.0429996 0.338926 1041
0 0.926225 0.643574 0.0180021 0.0401423 0.319688 1353
0 0.445669 0.211093 0.0397738 0.0703535 0.596726 1365
0 0.47984 0.902223 0.0122701 0.0376069 0.313755 1200
