0 0.786137 0.810983 0.128492 0.20856 0.408722 1
0 0.236713 0.691304 0.02246 0.0609689 0.666923 2
0 0.429741 0.479407 0.017346 0.0502644 0.699279 6
0 0.670162 0.787694 0.0193737 0.0540519 0.601743 7
0 0.313217 0.704773 0.0139032 0.0405573 0.344386 8
0 0.658031 0.367119 0.0447291 0.0694687 0.590403 13
0 0.511202 0.756154 0.0198265 0.0485066 0.627574 16
0 0.659593 0.709141 0.0347778 0.0625158 0.509901 18
0 0.719758 0.710947 0.0213432 0.0616886 0.667059 21
0 0.885366 0.875159 0.013573 0.0289054 0.479335 23
0 0.342273 0.255473 0.0386229 0.0721538 0.461592 29
0 0.492831 0.809068 0.0170871 0.0625417 0.441992 48
0 0.452225 0.800355 0.0229821 0.0658023 0.68128 50
0 0.849392 0.591424 0.0327791 0.0644182 0.430819 60
0 0.769004 0.601511 0.111139 0.139794 0.81536 63
0 0.319725 0.538622 0.0214981 0.0720797 0.390726 68
0 0.244097 0.864974 0.0144234 0.0502108 0.547617 77
0 0.887387 0.513184 0.0546117 0.08613 0.613348 80
0 0.675241 0.586954 0.0263351 0.0578462 0.515182 95
0 0.489184 0.66303 0.0181005 0.0539098 0.605588 98
0 0.600785 0.606677 0.0194432 0.0438695 0.654737 102
0 0.142847 0.546955 0.071773 0.167357 0.750524 128
0 0.203105 0.400784 0.0355824 0.0759659 0.531225 156
0 0.914812 0.697026 0.103099 0.200341 0.722872 163
0 0.624826 0.36277 0.0183585 0.0375801 0.653764 174
0 0.977783 0.739016 0.0444341 0.105264 0.585491 185
0 0.369029 0.402305 0.0783188 0.114932 0.721643 189
0 0.853712 0.483313 0.0244493 0.0518862 0.578951 260
0 0.642236 0.0697071 0.0700994 0.138763 0.713713 274
0 0.609185 0.482491 0.0267167 0.0607393 0.497136 299
0 0.896882 0.430379 0.0218441 0.0568579 0.73473 312
0 0.35695 0.18162 0.0702181 0.131703 0.557721 329
0 0.42947 0.183045 0.0498009 0.103093 0.709817 337
0 0.761497 0.577782 0.018407 0.0575409 0.799492 344
0 0.453537 0.698764 0.0422524 0.123096 0.476063 58
0 0.479939 0.612025 0.0193621 0.047277 0.677914 89
0 0.629032 0.617334 0.019456 0.044404 0.74599 370
0 0.481409 0.514211 0.0195074 0.040323 0.648199 380
0 0.749842 0.0753469 0.108814 0.150694 0.709007 386
0 0.695953 0.644341 0.0238562 0.0628794 0.446372 387
0 0.476284 0.56363 0.0190447 0.0422063 0.637208 54
0 0.403172 0.723074 0.0452105 0.0870321 0.443543 83
0 0.438013 0.601304 0.0447106 0.0698067 0.419798 114
0 0.410525 0.653941 0.0178716 0.046536 0.694941 424
0 0.0708112 0.578788 0.0453169 0.143936 0.338371 434
0 0.535888 0.551681 0.0732441 0.129485 0.784014 3
0 0.600408 0.720664 0.0432641 0.0885963 0.390122 127
0 0.634013 0.778184 0.0230011 0.0689321 0.614721 86
0 0.205902 0.739336 0.017987 0.0551611 0.707446 265
0 0.721296 0.325356 0.0310591 0.074548 0.656184 101
0 0.34944 0.521606 0.016451 0.0568278 0.644647 170
0 0.683934 0.739217 0.0207743 0.0455341 0.685041 300
0 0.629718 0.432292 0.0178303 0.0442695 0.70797 448
0 0.527161 0.648699 0.0200473 0.054523 0.611006 454
0 0.600358 0.551011 0.0219358 0.0519981 0.394642 455
0 0.752694 0.336209 0.0216649 0.0623851 0.602338 456
0 0.233339 0.761864 0.0170113 0.0548047 0.714707 459
0 0.385669 0.51025 0.0419709 0.100512 0.540115 465
0 0.263743 0.712842 0.0213344 0.0663438 0.576058 468
0 0.201139 0.673697 0.0210178 0.0634347 0.677619 470
0 0.334315 0.596444 0.015157 0.0394679 0.610148 475
0 0.129237 0.362172 0.0230496 0.0576853 0.519036 480
0 0.574812 0.603835 0.0176839 0.0473237 0.712199 140
0 0.771737 0.474109 0.0673795 0.106319 0.74926 92
0 0.580311 0.664966 0.0245626 0.0670942 0.48631 139
0 0.532279 0.719463 0.0184059 0.0377723 0.689284 507
0 0.468987 0.150751 0.0213159 0.0470241 0.692108 514
0 0.830226 0.359279 0.0167889 0.04284 0.683413 521
0 0.665583 0.486538 0.0525304 0.108478 0.713933 523
0 0.55771 0.723973 0.011605 0.0278734 0.465196 533
0 0.473954 0.470744 0.0167367 0.036833 0.549595 539
0 0.558311 0.136006 0.0807596 0.155344 0.776986 31
0 0.789306 0.369415 0.0465889 0.0905418 0.45437 269
0 0.890564 0.830199 0.0219698 0.0513356 0.67136 553
0 0.420187 0.538662 0.0186739 0.0510058 0.627261 556
0 0.468186 0.35488 0.0729415 0.192004 0.820971 562
0 0.599887 0.208608 0.0546651 0.097932 0.662649 563
0 0.729776 0.437602 0.0179727 0.0458511 0.695427 582
0 0.969655 0.518825 0.0606899 0.1878 0.805471 594
0 0.637492 0.252447 0.0226099 0.0567933 0.691157 225
0 0.601643 0.40434 0.0328181 0.0707851 0.495046 27
0 0.858989 0.331049 0.0214143 0.0556625 0.759352 272
0 0.509385 0.432033 0.015438 0.0462013 0.57721 600
0 0.820219 0.290836 0.0170118 0.0479005 0.812673 601
0 0.532201 0.342937 0.0257856 0.0511923 0.619122 603
0 0.221553 0.153352 0.0986764 0.119926 0.55748 604
0 0.516442 0.815449 0.0175997 0.0601724 0.592849 614
0 0.918264 0.347374 0.0178815 0.0438096 0.742217 620
0 0.290655 0.314995 0.023288 0.0585048 0.519077 624
0 0.506873 0.061872 0.0520099 0.109124 0.627852 625
0 0.521953 0.272968 0.0190475 0.0659655 0.520266 627
0 0.233419 0.463403 0.0208978 0.0618332 0.626745 628
0 0.462589 0.100098 0.0178517 0.041573 0.702378 630
0 0.812944 0.392125 0.0136378 0.0330465 0.369703 648
0 0.578636 0.32052 0.042495 0.0891217 0.618683 14
0 0.864097 0.185956 0.10247 0.129617 0.813351 249
0 0.479296 0.92729 0.0198372 0.0552729 0.770063 93
0 0.9318 0.384415 0.0200964 0.04597 0.747384 656
0 0.151923 0.283893 0.0183354 0.0545004 0.677284 670
0 0.250481 0.357007 0.0354168 0.072415 0.504141 673
0 0.928412 0.439184 0.0179192 0.0390393 0.678578 674
0 0.106441 0.301936 0.0176441 0.0507152 0.691306 675
0 0.3664 0.713927 0.0186992 0.0561091 0.392946 679
0 0.27514 0.459094 0.0183481 0.0528824 0.727378 681
0 0.544477 0.292223 0.0185893 0.0376217 0.564647 682
0 0.180035 0.335979 0.0426144 0.0850766 0.694647 687
0 0.197312 0.536527 0.0203308 0.0660543 0.728789 691
0 0.37795 0.0537326 0.0523329 0.0952104 0.768879 692
0 0.546872 0.411551 0.0324002 0.0810567 0.558393 700
0 0.332449 0.779883 0.0367192 0.0750105 0.538026 28
0 0.262444 0.518362 0.0173713 0.0553633 0.669739 221
0 0.849129 0.412662 0.0285328 0.0538256 0.541835 219
0 0.304967 0.44921 0.0397383 0.0919297 0.386642 476
0 0.434147 0.558232 0.017799 0.0351638 0.571794 517
0 0.45812 0.535465 0.0157391 0.038257 0.69516 534
0 0.411426 0.0698453 0.0172884 0.0423633 0.744044 704
0 0.232242 0.0846247 0.0165465 0.0456271 0.734335 705
0 0.645756 0.173776 0.0162994 0.0420003 0.724477 706
0 0.311654 0.08841 0.0163351 0.0472706 0.745487 709
0 0.594082 0.0291751 0.014868 0.0408832 0.609609 710
0 0.453695 0.0534381 0.0175194 0.04476 0.705091 711
0 0.394306 0.104762 0.0163899 0.0387367 0.696198 712
0 0.325053 0.0418792 0.0176664 0.0505566 0.747317 713
0 0.369046 0.650509 0.0180128 0.0447765 0.567036 714
0 0.268943 0.240378 0.019435 0.0398788 0.666659 715
0 0.553752 0.237207 0.0145014 0.0341013 0.619856 716
0 0.549341 0.0309823 0.0174192 0.0454137 0.659052 717
0 0.715416 0.498552 0.0182658 0.0509232 0.72228 718
0 0.256458 0.796449 0.0165394 0.0507894 0.605375 719
0 0.618843 0.31031 0.0157429 0.0352051 0.707149 721
0 0.270971 0.621032 0.022536 0.0734886 0.546117 724
0 0.429856 0.0822411 0.0168203 0.0345187 0.586315 725
0 0.513247 0.701928 0.0158435 0.0371679 0.617714 727
0 0.236781 0.260282 0.023984 0.0731071 0.568805 729
0 0.45158 0.260006 0.0139539 0.04033 0.640293 732
0 0.294742 0.381034 0.017816 0.0543329 0.688227 733
0 0.36352 0.577154 0.0166629 0.0414274 0.737657 742
0 0.389755 0.227366 0.012034 0.0404199 0.557583 744
0 0.357264 0.6179 0.0154067 0.0287882 0.549188 758
0 0.396014 0.62938 0.0137625 0.0264917 0.541412 760
0 0.152664 0.77705 0.013759 0.0432185 0.640691 762
0 0.26114 0.418823 0.0148384 0.0435345 0.593826 765
0 0.567684 0.270732 0.0112954 0.0311331 0.466719 768
0 0.510157 0.632666 0.0121755 0.0312808 0.582193 769
0 0.904571 0.296978 0.0183422 0.0610903 0.477554 369
0 0.777412 0.684087 0.0144699 0.0364227 0.31414 84
0 0.840812 0.660002 0.022886 0.0463053 0.593224 373
0 0.93354 0.777238 0.0163455 0.0382594 0.650294 5
0 0.562979 0.79197 0.0200134 0.0491119 0.555965 113
0 0.10302 0.493037 0.0161074 0.0435383 0.338341 464
0 0.77508 0.265755 0.0214809 0.0568203 0.553791 302
0 0.956766 0.59595 0.0134755 0.0356117 0.604751 72
0 0.91467 0.677281 0.047781 0.178523 0.328715 467
0 0.604225 0.655294 0.0170506 0.0395614 0.579654 105
0 0.409669 0.456634 0.0129999 0.0350394 0.605682 477
0 0.317154 0.233814 0.0113561 0.0353088 0.336788 327
0 0.127515 0.729317 0.0149461 0.0568502 0.567038 407
0 0.291911 0.773336 0.0228221 0.0685596 0.605567 44
0 0.824842 0.442363 0.0137743 0.0390123 0.343853 228
