0 0.813851 0.687039 0.12244 0.18705 0.793842 1
0 0.276604 0.483584 0.0242043 0.0623225 0.602883 2
0 0.804437 0.439261 0.0150369 0.043348 0.77559 4
0 0.939273 0.66 0.0836336 0.197036 0.787536 5
0 0.451329 0.3295 0.0198161 0.0482751 0.675969 6
0 0.709393 0.6309 0.0172578 0.0333116 0.31129 7
0 0.34944 0.577731 0.0895006 0.225807 0.707038 8
0 0.681466 0.275207 0.0321346 0.0755621 0.447634 13
0 0.536087 0.587747 0.0204463 0.0477206 0.677772 16
0 0.711025 0.555197 0.0222137 0.059322 0.617229 18
0 0.7603 0.581173 0.0231482 0.0534119 0.778665 21
0 0.924508 0.798459 0.0317956 0.0544799 0.624428 23
0 0.651732 0.618571 0.0199869 0.0575428 0.656103 29
0 0.204605 0.608272 0.0232547 0.0710176 0.640728 33
0 0.219718 0.748422 0.0569095 0.113323 0.477318 38
0 0.704352 0.704537 0.0351388 0.0856865 0.462571 45
0 0.89382 0.557552 0.0185732 0.042125 0.717861 47
0 0.511442 0.657574 0.0228084 0.0567733 0.452325 48
0 0.483985 0.601359 0.0224157 0.0566812 0.494909 50
0 0.889645 0.489427 0.0244591 0.0671654 0.590355 60
0 0.824612 0.480994 0.096046 0.151446 0.829095 63
0 0.188551 0.688777 0.020355 0.0703782 0.559053 64
0 0.335044 0.330532 0.0357848 0.0798822 0.409901 68
0 0.259212 0.618642 0.0230447 0.065467 0.527579 77
0 0.912995 0.394751 0.0568185 0.0814746 0.621367 80
0 0.715027 0.462644 0.0245178 0.0612842 0.525732 95
0 0.529475 0.499012 0.0220747 0.0608116 0.530217 98
0 0.647638 0.475368 0.023311 0.0555065 0.623914 102
0 0.421027 0.793852 0.0276874 0.0879714 0.539296 109
0 0.46677 0.80491 0.0213694 0.0679694 0.452328 111
0 0.395492 0.172741 0.0868181 0.0960876 0.803495 119
0 0.753489 0.412674 0.0467666 0.0767455 0.685675 121
0 0.165476 0.341484 0.0887664 0.178976 0.788636 128
0 0.895085 0.839978 0.0189263 0.0469749 0.725288 154
0 0.272484 0.269654 0.128002 0.28099 0.773487 156
0 0.94061 0.476932 0.0433311 0.0763762 0.405479 163
0 0.474253 0.66404 0.0409185 0.0818768 0.338993 174
0 0.982087 0.695019 0.0295629 0.106524 0.473643 185
0 0.416633 0.653558 0.0283025 0.0855637 0.528047 189
0 0.974851 0.796971 0.044239 0.104012 0.510444 234
0 0.276672 0.73576 0.0219548 0.079781 0.555063 236
0 0.52685 0.79959 0.0351131 0.0886222 0.416717 19
0 0.152289 0.615203 0.0459307 0.0910918 0.519909 71
0 0.626874 0.777475 0.0204596 0.0561654 0.647806 82
0 0.450125 0.880521 0.0181975 0.0589457 0.366536 243
0 0.872667 0.19638 0.0347273 0.0515161 0.34241 249
0 0.876749 0.360474 0.0192238 0.0484227 0.736805 260
0 0.603077 0.619071 0.0391673 0.0704195 0.444538 113
0 0.902432 0.274126 0.015048 0.0342907 0.637898 272
0 0.757603 0.0984998 0.165752 0.159934 0.622915 274
0 0.085798 0.53933 0.0473305 0.100071 0.410286 275
0 0.961513 0.391349 0.0153609 0.0449166 0.518332 294
0 0.631041 0.379655 0.0266486 0.043273 0.606322 299
0 0.785641 0.181873 0.0215472 0.0505968 0.716323 302
0 0.260244 0.686638 0.021521 0.061477 0.451122 17
0 0.852118 0.937709 0.0253579 0.054316 0.627592 32
0 0.96236 0.527887 0.014798 0.0415621 0.617637 72
0 0.915178 0.311525 0.0179647 0.0460997 0.698108 312
0 0.318625 0.12182 0.0164815 0.0491727 0.660667 327
0 0.363408 0.0881723 0.0579208 0.101997 0.652735 329
0 0.194877 0.437522 0.0212273 0.0552598 0.491023 331
0 0.430543 0.0788449 0.0431374 0.102166 0.482568 337
0 0.572968 0.68618 0.0279226 0.0608052 0.668307 344
0 0.487596 0.513411 0.0385937 0.0955764 0.487682 58
0 0.584945 0.854124 0.0254865 0.0827809 0.404015 75
0 0.514115 0.453216 0.0208301 0.0525126 0.580267 89
0 0.316133 0.782 0.0596627 0.12153 0.79135 46
0 0.827572 0.570078 0.0121991 0.0360738 0.414925 84
0 0.718248 0.820948 0.0358664 0.0743553 0.599574 78
0 0.37432 0.7761 0.0282678 0.0773939 0.492387 364
0 0.923034 0.256969 0.0154984 0.0409023 0.674348 369
0 0.677527 0.50114 0.0214835 0.0527355 0.628574 370
0 0.528599 0.343824 0.0192638 0.0484934 0.587934 380
0 0.849047 0.135811 0.0734136 0.0982 0.570216 386
0 0.751875 0.509807 0.0217735 0.0660891 0.597021 387
0 0.660808 0.815667 0.0315805 0.0900208 0.342345 402
0 0.516735 0.403044 0.0198221 0.04464 0.550572 54
0 0.657704 0.691316 0.0297565 0.081051 0.334973 57
0 0.757549 0.629447 0.0158145 0.0321441 0.321583 117
0 0.187499 0.504083 0.0214831 0.0625127 0.585086 204
0 0.428393 0.520497 0.0270811 0.0641221 0.633069 83
0 0.475401 0.428982 0.0367723 0.0708969 0.379575 114
0 0.137354 0.490288 0.0187581 0.0619324 0.710783 407
0 0.435769 0.463382 0.0169235 0.0431324 0.629312 424
0 0.0854201 0.413999 0.0482441 0.133688 0.64542 434
0 0.571685 0.398677 0.0686692 0.159471 0.775225 3
0 0.521993 0.707244 0.0249853 0.0569743 0.703035 104
0 0.653443 0.550723 0.0265992 0.0521704 0.488315 127
0 0.685395 0.611138 0.0207539 0.0614892 0.703462 86
0 0.67417 0.88258 0.0209454 0.0477144 0.628069 123
0 0.238558 0.521773 0.0239943 0.0590745 0.702322 265
0 0.57781 0.74684 0.0197944 0.0523649 0.362986 30
0 0.720557 0.255192 0.0213636 0.0546013 0.698424 101
0 0.371109 0.331712 0.0207134 0.0551398 0.662938 170
0 0.72453 0.598072 0.0252815 0.0435835 0.514034 300
0 0.60728 0.483104 0.0151884 0.0347553 0.432003 140
0 0.13531 0.695176 0.0240724 0.0834036 0.365362 110
0 0.756301 0.220041 0.0146669 0.0363792 0.530503 76
0 0.811068 0.358626 0.0557693 0.0959632 0.708503 92
0 0.624795 0.516233 0.0264159 0.0499965 0.584291 139
0 0.549654 0.907742 0.015395 0.0554757 0.375749 343
0 0.854287 0.864197 0.0153379 0.0435132 0.742191 40
0 0.648222 0.512045 0.0130912 0.0233837 0.40391 105
