0 0.587534 0.54394 0.106625 0.164208 0.441609 274
0 0.67408 0.495579 0.0582346 0.115821 0.431357 386
0 0.651821 0.862001 0.0342733 0.0909483 0.598432 269
0 0.649255 0.376488 0.051381 0.0752913 0.800502 563
0 0.859442 0.836893 0.0432407 0.0731699 0.552509 594
0 0.813831 0.776453 0.0199557 0.0444275 0.64992 620
0 0.745455 0.691125 0.100612 0.166445 0.757722 249
0 0.832691 0.80038 0.0220408 0.0593298 0.548153 656
0 0.726911 0.934046 0.0168811 0.0415829 0.676717 219
0 0.368339 0.696547 0.0198608 0.0582195 0.474213 711
0 0.499311 0.663867 0.0212562 0.0605747 0.729796 717
0 0.542842 0.731904 0.0197839 0.0504267 0.538897 806
0 0.910386 0.58294 0.0685624 0.116009 0.493419 811
0 0.659931 0.766003 0.0224963 0.0552328 0.761813 302
0 0.766947 0.471466 0.0174979 0.0579967 0.71603 828
0 0.599149 0.767036 0.0224832 0.0597356 0.4633 847
0 0.819597 0.506794 0.0556486 0.115027 0.65064 865
0 0.653539 0.412277 0.0220342 0.0520916 0.7368 873
0 0.419183 0.663792 0.048352 0.0920576 0.399601 875
0 0.496349 0.524435 0.0307122 0.0526416 0.496471 877
0 0.772805 0.556202 0.0246504 0.070212 0.690944 879
0 0.694251 0.547641 0.0525456 0.0960494 0.542641 886
0 0.703763 0.429881 0.0195905 0.048464 0.716759 909
0 0.625985 0.764674 0.0153276 0.0343317 0.498014 943
0 0.809658 0.589875 0.016328 0.0449466 0.668281 906
0 0.775439 0.31484 0.113783 0.220213 0.842338 174
0 0.467865 0.439078 0.0340349 0.069828 0.578205 1049
0 0.535107 0.466695 0.0186845 0.0389172 0.749402 1057
0 0.782137 0.830879 0.0137192 0.0358589 0.55553 1064
0 0.897393 0.389177 0.0412044 0.0933269 0.518009 1065
0 0.196196 0.650189 0.0374908 0.0888223 0.481168 1066
0 0.167589 0.56077 0.0280609 0.076959 0.483194 1087
0 0.140807 0.629447 0.0197163 0.0667319 0.606425 1119
0 0.635269 0.321492 0.0220741 0.0533577 0.432136 1122
0 0.465111 0.140503 0.0619318 0.0954208 0.642947 480
0 0.484167 0.273392 0.0170406 0.0420244 0.599603 1143
0 0.729997 0.213281 0.0283625 0.076142 0.537701 1153
0 0.610223 0.272345 0.0204176 0.0563942 0.644516 1161
0 0.37201 0.375806 0.0790743 0.130957 0.681558 1195
0 0.654419 0.235107 0.0165954 0.0504106 0.745524 1198
0 0.276928 0.663906 0.088018 0.174274 0.800812 1202
0 0.870189 0.285782 0.0154514 0.0423646 0.672556 1205
0 0.130922 0.498885 0.025012 0.0720057 0.661809 1221
0 0.949985 0.75489 0.023073 0.0552397 0.713341 1239
0 0.525821 0.210589 0.0579766 0.100287 0.687711 1247
0 0.547597 0.278765 0.0767335 0.0968388 0.595317 93
0 0.762352 0.201129 0.0144634 0.0438926 0.53834 1254
0 0.235554 0.339969 0.0834569 0.121599 0.792787 1255
0 0.619976 0.159627 0.0605108 0.120576 0.706669 1258
0 0.38854 0.268646 0.0193798 0.0503165 0.729323 1264
0 0.407205 0.220064 0.0183049 0.0417004 0.725347 1267
0 0.71619 0.164151 0.016254 0.034121 0.567569 1285
0 0.743288 0.161553 0.0151898 0.0275263 0.575782 1287
0 0.428695 0.259585 0.0253852 0.063125 0.439573 1304
0 0.478337 0.216377 0.0218715 0.0604514 0.554208 1312
0 0.114061 0.564559 0.0192646 0.0637667 0.633532 1328
0 0.575432 0.203112 0.0163144 0.044733 0.639155 1334
0 0.334266 0.564489 0.0205641 0.0689227 0.491796 1226
0 0.69482 0.114202 0.0541843 0.106472 0.646493 1345
0 0.319975 0.201317 0.019904 0.0531577 0.637497 1393
0 0.934583 0.319383 0.0152661 0.0478581 0.585867 1414
0 0.686867 0.306876 0.0190713 0.0523822 0.646418 1420
0 0.574049 0.153758 0.0153172 0.0413169 0.578923 1425
0 0.76438 0.151776 0.0163857 0.0433853 0.68016 1428
0 0.396406 0.172269 0.0205301 0.0540101 0.646088 1429
0 0.741874 0.115 0.0178782 0.0515921 0.677592 1442
0 0.963057 0.486586 0.0196008 0.0451906 0.548945 1447
0 0.640526 0.378723 0.0158279 0.030659 0.580005 1144
0 0.890959 0.767458 0.0149667 0.0405774 0.711113 946
0 0.692069 0.362814 0.0213582 0.0529872 0.417008 1041
0 0.45345 0.372881 0.0228624 0.0497696 0.577537 1365
0 0.343827 0.321464 0.0173077 0.0472388 0.47176 1469
0 0.313291 0.277616 0.0225414 0.0609555 0.700036 1470
0 0.163129 0.423182 0.0181198 0.0570879 0.659838 1472
0 0.299423 0.528864 0.0210034 0.0685496 0.571112 1473
0 0.851695 0.312289 0.0184469 0.03479 0.634446 1482
0 0.685893 0.202054 0.0164548 0.0469901 0.534416 1199
0 0.186228 0.467841 0.0144558 0.0424029 0.400481 1490
0 0.331502 0.236903 0.0167125 0.0322698 0.416125 1498
0 0.215562 0.500707 0.0298684 0.0783552 0.442159 1266
0 0.830872 0.384737 0.0566236 0.10647 0.457346 1032
0 0.628491 0.414787 0.0147905 0.0387118 0.679789 1431
0 0.872016 0.48286 0.0165913 0.042044 0.682015 1514
0 0.587575 0.0729526 0.0544513 0.101347 0.619948 1515
0 0.959357 0.807647 0.0182488 0.0417887 0.759291 1516
0 0.258714 0.249594 0.0230754 0.0532069 0.464318 1525
0 0.707455 0.887778 0.0221196 0.067492 0.70381 648
0 0.292771 0.234008 0.0163656 0.0411749 0.618144 1415
0 0.352681 0.0732423 0.057031 0.11137 0.619291 907
0 0.43161 0.0718582 0.0712217 0.127257 0.761293 1537
0 0.218268 0.590972 0.0187832 0.0481451 0.693047 1538
0 0.815255 0.15805 0.019761 0.0559715 0.65326 1552
0 0.260423 0.53503 0.0210166 0.068681 0.455971 988
0 0.450898 0.759963 0.0188941 0.053672 0.743586 625
0 0.320908 0.416586 0.0192067 0.0601569 0.60003 1056
0 0.527678 0.0685132 0.0380115 0.0949006 0.45572 1562
0 0.979462 0.716379 0.0149146 0.0404258 0.728052 1563
0 0.396307 0.438276 0.0142903 0.0405776 0.464284 1567
0 0.854887 0.913403 0.0580912 0.0997303 0.589046 784
0 0.904446 0.723602 0.0174841 0.0428021 0.697613 1068
0 0.910134 0.799114 0.0141003 0.0415625 0.704721 1583
0 0.663346 0.186179 0.0143426 0.0406101 0.633371 1584
0 0.0761055 0.522178 0.0454782 0.120105 0.322336 1589
0 0.254779 0.466566 0.0192082 0.0576847 0.602488 1602
0 0.493707 0.891013 0.0191009 0.0550555 0.642169 721
0 0.726899 0.592064 0.0184238 0.0449599 0.654685 1085
0 0.512491 0.725851 0.0236778 0.0629678 0.680871 1220
0 0.45029 0.887996 0.0243283 0.068469 0.543709 912
0 0.483705 0.339129 0.015965 0.0396527 0.627853 1359
0 0.606874 0.413483 0.0193164 0.0419197 0.517542 1402
0 0.508774 0.789711 0.0188715 0.0633447 0.541403 1616
0 0.545122 0.804096 0.0188425 0.058922 0.662346 1620
0 0.903219 0.203191 0.0841485 0.156957 0.679934 1632
0 0.111451 0.450327 0.0171377 0.0515621 0.5985 1638
0 0.611645 0.368262 0.0136213 0.0271949 0.472006 1640
0 0.387493 0.73089 0.0195767 0.0561777 0.675051 1645
0 0.424655 0.855501 0.0251888 0.087505 0.378305 1207
0 0.588054 0.379952 0.0153594 0.0295445 0.485441 1336
0 0.576164 0.745679 0.0242 0.0620654 0.349894 888
0 0.390098 0.837579 0.0271103 0.0837107 0.518522 805
0 0.316042 0.712797 0.0261689 0.0838675 0.596099 704
0 0.791058 0.720978 0.0271253 0.0662563 0.330533 861
0 0.650842 0.694952 0.0245133 0.0693784 0.484591 917
0 0.702827 0.203751 0.0223156 0.0496102 0.39692 1293
0 0.347533 0.756708 0.0247013 0.075563 0.511565 630
0 0.603879 0.850501 0.0231636 0.0618886 0.336462 950
0 0.322428 0.473578 0.0163 0.0402136 0.554014 1655
0 0.819194 0.0894049 0.0473557 0.0759152 0.563982 1656
0 0.49033 0.0382582 0.0200121 0.0468426 0.588512 1658
0 0.964495 0.293173 0.0487032 0.104312 0.547241 1664
0 0.119253 0.30301 0.0201891 0.0623988 0.560293 1666
0 0.45032 0.521579 0.0253706 0.0609957 0.510524 1150
0 0.534977 0.63657 0.0180062 0.0569048 0.648415 706
0 0.372542 0.62727 0.0202753 0.0613169 0.668165 1174
0 0.767057 0.109602 0.0343698 0.0454378 0.367343 1129
0 0.568187 0.834646 0.017018 0.0518708 0.386438 1256
0 0.212595 0.135782 0.0594099 0.133876 0.626214 312
0 0.361314 0.830893 0.0163207 0.0505555 0.305593 514
0 0.852326 0.27411 0.0126611 0.026776 0.383478 1357
0 0.780429 0.744226 0.0427117 0.0996835 0.306311 230
0 0.869111 0.706419 0.0135148 0.0371066 0.565916 76
0 0.910181 0.951522 0.0116589 0.026655 0.35352 72
0 0.50934 0.903572 0.0153712 0.0390481 0.62019 867
0 0.599188 0.971846 0.0175592 0.0392477 0.659673 1048
0 0.491026 0.488131 0.0153988 0.0325845 0.617963 1308
0 0.673442 0.926358 0.0118568 0.0362941 0.371069 1317
0 0.517397 0.424584 0.0213762 0.0599362 0.588242 1332
0 0.692002 0.796458 0.017756 0.0448341 0.758703 884
0 0.941195 0.908422 0.0149835 0.0353172 0.367552 234
0 0.753318 0.750835 0.0817635 0.102111 0.613836 272
0 0.585479 0.900684 0.034252 0.0816916 0.58213 101
0 0.681295 0.674899 0.0131854 0.0412683 0.344306 824
0 0.484775 0.58616 0.021366 0.0540809 0.67599 870
0 0.369322 0.223902 0.0328712 0.0564908 0.355649 874
0 0.573297 0.331904 0.0170309 0.0318051 0.360049 1186
0 0.54468 0.897675 0.0259466 0.0715577 0.480811 827
0 0.370742 0.913004 0.0210041 0.0589355 0.721084 627
0 0.520242 0.500744 0.0156822 0.0422128 0.629643 710
