0 0.59561 0.635577 0.0455635 0.0732277 0.383852 13
0 0.79703 0.712933 0.0156596 0.0429343 0.733891 60
0 0.843773 0.670595 0.0519305 0.0937325 0.569148 80
0 0.629427 0.858523 0.0271505 0.0750577 0.424388 95
0 0.478029 0.0326744 0.0858549 0.0653487 0.813509 98
0 0.424257 0.345647 0.0509257 0.0992378 0.448981 102
0 0.80374 0.651025 0.0195505 0.0463405 0.505402 260
0 0.616946 0.257668 0.0965975 0.158295 0.849038 274
0 0.553373 0.748479 0.0190497 0.0513137 0.645042 299
0 0.844778 0.586251 0.0216473 0.0539786 0.498019 312
0 0.335407 0.459603 0.109128 0.132663 0.795334 329
0 0.586507 0.892591 0.0178248 0.0465572 0.493436 370
0 0.446857 0.785904 0.0190918 0.0570294 0.741166 380
0 0.703769 0.246451 0.0503751 0.0909847 0.535763 386
0 0.498528 0.823662 0.0735773 0.193162 0.521762 3
0 0.665558 0.541319 0.0199152 0.0543275 0.576612 101
0 0.567544 0.701805 0.0180548 0.0479011 0.710219 448
0 0.560676 0.826802 0.0209538 0.0553923 0.637105 455
0 0.70129 0.524897 0.0195837 0.0480117 0.634483 456
0 0.723251 0.670939 0.0691643 0.118033 0.709032 92
0 0.424671 0.408977 0.0234332 0.0499945 0.581845 514
0 0.61364 0.737236 0.0584439 0.13888 0.486967 523
0 0.512787 0.37911 0.0988835 0.164381 0.802164 31
0 0.741591 0.532183 0.0429871 0.0747361 0.397094 269
0 0.418861 0.59664 0.0671965 0.191662 0.721739 562
0 0.54928 0.448607 0.0605118 0.104223 0.623289 563
0 0.667781 0.690613 0.0192651 0.0454397 0.746254 582
0 0.943246 0.643578 0.10486 0.153444 0.836792 594
0 0.566738 0.499644 0.0210651 0.0521757 0.641301 225
0 0.806471 0.482649 0.0216478 0.0600377 0.562397 272
0 0.458194 0.70702 0.0188592 0.0545535 0.790699 600
0 0.776927 0.469696 0.0172229 0.0433506 0.690878 601
0 0.48071 0.584084 0.023866 0.048778 0.56021 603
0 0.187156 0.397828 0.110415 0.231928 0.792259 604
0 0.872614 0.499824 0.016102 0.0377899 0.726113 620
0 0.229046 0.632562 0.0294645 0.0610744 0.386803 624
0 0.464292 0.300512 0.0662292 0.129418 0.747063 625
0 0.467988 0.534505 0.0174864 0.0553942 0.46215 627
0 0.410913 0.35648 0.0187967 0.043881 0.649588 630
0 0.52473 0.562952 0.0519977 0.108483 0.503207 14
0 0.817306 0.377893 0.103124 0.117511 0.825739 249
0 0.883446 0.543338 0.0220143 0.0519921 0.460492 656
0 0.132151 0.590643 0.0176871 0.0514758 0.682474 670
0 0.203476 0.710498 0.036172 0.101644 0.411542 673
0 0.872338 0.593785 0.015655 0.0402722 0.701513 674
0 0.0720906 0.684035 0.029459 0.0697861 0.490705 675
0 0.491541 0.531579 0.0187996 0.0377287 0.655371 682
0 0.145836 0.669767 0.0560872 0.105802 0.400313 687
0 0.343958 0.279537 0.0568126 0.100171 0.394023 692
0 0.490273 0.656856 0.0230565 0.0812418 0.401347 700
0 0.798411 0.57012 0.0417927 0.0655533 0.571515 219
0 0.368474 0.341867 0.0155182 0.031236 0.743185 704
0 0.276684 0.357394 0.0165643 0.0487465 0.698912 709
0 0.554561 0.240921 0.0184489 0.0431365 0.693391 710
0 0.409997 0.304968 0.0174478 0.0393612 0.699663 711
0 0.34866 0.37005 0.0152768 0.0275542 0.554383 712
0 0.29939 0.271798 0.0315291 0.0692696 0.49984 713
0 0.220694 0.528903 0.0300111 0.0580677 0.41492 715
0 0.500625 0.476705 0.0170037 0.0343055 0.703249 716
0 0.518543 0.254623 0.0208257 0.0500924 0.726953 717
0 0.690234 0.75316 0.0193214 0.0501618 0.58328 718
0 0.188979 0.587939 0.0227122 0.0704156 0.462834 729
0 0.373921 0.546559 0.0207541 0.046013 0.54425 732
0 0.253154 0.692634 0.0198794 0.0574331 0.730449 733
0 0.865606 0.399826 0.0155886 0.0334198 0.66037 369
0 0.33279 0.59732 0.0723703 0.130652 0.666527 775
0 0.914185 0.538904 0.0170571 0.0409506 0.57037 780
0 0.432605 0.464874 0.0266316 0.0504786 0.342614 805
0 0.638802 0.3769 0.0827987 0.114424 0.700594 806
0 0.944146 0.384328 0.102706 0.224787 0.867123 811
0 0.730615 0.453572 0.0435423 0.0755539 0.339172 302
0 0.873605 0.743639 0.0355582 0.0624335 0.424019 467
0 0.264845 0.541749 0.0189653 0.0440405 0.743393 327
0 0.770822 0.624876 0.0158971 0.0413992 0.636797 228
0 0.747033 0.377075 0.0201102 0.0535967 0.712674 824
0 0.601107 0.483175 0.0183992 0.0398102 0.727794 827
0 0.805798 0.251711 0.0264927 0.0612286 0.355102 828
0 0.104556 0.535842 0.0355154 0.0789823 0.70264 829
0 0.278155 0.58208 0.0172097 0.0441569 0.525775 833
0 0.821669 0.630486 0.0142007 0.0290083 0.470802 840
0 0.668891 0.44445 0.043612 0.0826107 0.502011 847
0 0.260479 0.641968 0.0130503 0.0357191 0.460837 852
0 0.850752 0.459228 0.0495789 0.0797722 0.373984 861
0 0.875324 0.255424 0.0283548 0.0631614 0.468884 865
0 0.58562 0.549793 0.0238729 0.0523069 0.608537 867
0 0.691282 0.604984 0.0368294 0.086953 0.375187 868
0 0.56292 0.593671 0.0186318 0.042578 0.608365 869
0 0.499312 0.198141 0.0180896 0.0426311 0.705437 870
0 0.716247 0.169238 0.0144608 0.0392984 0.719048 871
0 0.692667 0.16987 0.0193524 0.0448863 0.694504 873
0 0.663737 0.298284 0.017515 0.0438675 0.706372 874
0 0.443595 0.151429 0.0964774 0.192128 0.805533 875
0 0.541913 0.184613 0.0261644 0.0703086 0.531268 877
0 0.834043 0.271486 0.0160828 0.0412659 0.687498 879
0 0.724512 0.307856 0.0418267 0.076482 0.589228 886
0 0.640099 0.521007 0.0163839 0.0384692 0.740866 888
0 0.617292 0.512386 0.0195007 0.0364805 0.765638 901
0 0.275694 0.25306 0.0168398 0.0379546 0.743236 902
0 0.280724 0.632237 0.016039 0.0442414 0.694081 907
0 0.738715 0.212176 0.0161789 0.0360566 0.678489 909
0 0.713515 0.386272 0.0171088 0.0253888 0.451572 917
0 0.756776 0.585272 0.0137038 0.0399289 0.535484 648
0 0.716306 0.419969 0.0170554 0.0256484 0.519444 943
0 0.383998 0.368549 0.0163371 0.031655 0.688986 725
0 0.507593 0.15407 0.0144003 0.0353429 0.740527 945
0 0.960328 0.532869 0.0163719 0.0396034 0.642939 946
0 0.686827 0.491736 0.0168297 0.0428641 0.582491 950
0 0.6666 0.753826 0.0226439 0.0690209 0.584921 59
0 0.513793 0.511053 0.0158748 0.0335519 0.712235 768
0 0.250346 0.267159 0.0160909 0.0409542 0.681006 965
0 0.557421 0.13846 0.0207816 0.0299697 0.614691 968
0 0.893222 0.299598 0.012298 0.0360082 0.595547 906
0 0.273796 0.189174 0.0562674 0.0996517 0.738797 988
0 0.59854 0.13837 0.0302848 0.0688658 0.451559 994
0 0.619927 0.563189 0.023303 0.0494821 0.562256 1001
0 0.736259 0.162358 0.0153495 0.0300034 0.590518 1002
0 0.341321 0.334818 0.01558 0.0302312 0.592926 1008
0 0.816074 0.109697 0.0914201 0.177829 0.791225 174
0 0.10874 0.340428 0.0718176 0.163679 0.66419 1027
0 0.853287 0.19451 0.0612534 0.0785188 0.61499 1032
0 0.217898 0.586006 0.0117154 0.0359345 0.381668 1040
0 0.729826 0.116284 0.0425475 0.0637794 0.555004 1041
0 0.515406 0.0906826 0.0265208 0.0699874 0.553818 1049
0 0.628886 0.474025 0.0123917 0.0324897 0.480975 1053
0 0.377841 0.313887 0.0154466 0.022653 0.507456 1055
0 0.174379 0.26501 0.0177779 0.049663 0.76771 1056
0 0.571818 0.198761 0.0154746 0.0412247 0.739594 1057
0 0.830917 0.52495 0.0161639 0.0421167 0.751026 1064
0 0.918584 0.220953 0.0513948 0.0858861 0.389487 1065
0 0.205326 0.218987 0.018156 0.0561454 0.692696 1066
0 0.973873 0.499124 0.018099 0.0447231 0.72342 1068
0 0.240359 0.579041 0.0179793 0.0413068 0.671307 1073
0 0.7728 0.294807 0.0126122 0.0333714 0.357834 1085
0 0.229507 0.128642 0.0696296 0.108703 0.69522 1087
0 0.405792 0.808641 0.0209367 0.0522887 0.605522 1116
0 0.172534 0.20382 0.0200863 0.0553632 0.599334 1119
0 0.678096 0.0663604 0.0237894 0.0580661 0.470804 1122
0 0.453764 0.018172 0.0361448 0.036344 0.530695 480
0 0.88846 0.904097 0.0323175 0.0606799 0.421191 47
0 0.643838 0.60551 0.0188218 0.0485784 0.737695 1138
0 0.495459 0.0380296 0.0158421 0.0427977 0.681866 1143
0 0.68164 0.135609 0.0146931 0.0293899 0.659426 1144
0 0.391078 0.33435 0.0136081 0.0240049 0.583406 1151
0 0.743383 0.0540776 0.0234026 0.0574525 0.573736 1153
0 0.328063 0.361699 0.0157125 0.0350245 0.59442 887
0 0.620187 0.699688 0.0364443 0.072516 0.391424 451
0 0.428568 0.716658 0.0137519 0.0411579 0.595289 832
0 0.0583747 0.430715 0.014155 0.0429704 0.604335 1159
0 0.640442 0.0275122 0.0172911 0.0406561 0.692548 1161
0 0.574421 0.374059 0.0141359 0.0420357 0.523305 706
0 0.878694 0.693239 0.0171674 0.0279438 0.324543 983
0 0.871496 0.788034 0.0195632 0.0318693 0.465759 1178
0 0.617604 0.0892005 0.0270221 0.06381 0.388369 1186
0 0.402514 0.460959 0.0123876 0.0332648 0.45363 337
0 0.72079 0.588513 0.0144208 0.0330703 0.516127 1045
0 0.986297 0.786484 0.0118291 0.0298454 0.332163 1047
0 0.525537 0.668194 0.0581619 0.104331 0.357706 27
0 0.321477 0.257545 0.0131615 0.0309765 0.413861 830
0 0.562955 0.549357 0.010323 0.025299 0.385886 721
0 0.194218 0.645855 0.0117729 0.0342247 0.364918 973
0 0.167537 0.548208 0.0103514 0.0324508 0.305822 1025
0 0.810575 0.610703 0.0134499 0.0225988 0.428882 999
0 0.322436 0.548459 0.0123261 0.036495 0.332876 744
