0 0.78516 0.76068 0.0463216 0.0827398 0.581158 1
0 0.24109 0.764137 0.0234284 0.0606145 0.651335 2
0 0.42292 0.547119 0.0174207 0.0431679 0.673811 6
0 0.641112 0.430334 0.0489372 0.0651377 0.496862 13
0 0.504803 0.81416 0.022642 0.0490548 0.492121 16
0 0.641546 0.785221 0.0331524 0.0640106 0.457592 18
0 0.697168 0.79185 0.0252119 0.0639198 0.757571 21
0 0.864046 0.915214 0.0154665 0.0397862 0.690849 23
0 0.777853 0.883157 0.0182419 0.045102 0.76513 48
0 0.432791 0.891717 0.02249 0.0657426 0.643135 50
0 0.831734 0.63041 0.0274128 0.0633366 0.587395 60
0 0.746725 0.663774 0.10953 0.152658 0.820741 63
0 0.312737 0.626419 0.0217615 0.0779341 0.361764 68
0 0.872397 0.550629 0.0567089 0.0833406 0.618682 80
0 0.664422 0.642822 0.0275631 0.0741928 0.403775 95
0 0.47383 0.72255 0.0223781 0.0477232 0.603931 98
0 0.587956 0.67052 0.0183325 0.0462985 0.590205 102
0 0.128888 0.659421 0.0775323 0.194519 0.777727 128
0 0.194958 0.477839 0.0427198 0.0953154 0.532999 156
0 0.92575 0.813342 0.0533644 0.100412 0.481779 163
0 0.974007 0.737635 0.0519865 0.10438 0.516505 185
0 0.358776 0.472654 0.0797782 0.121393 0.74866 189
0 0.836308 0.522989 0.0196868 0.0488092 0.653903 260
0 0.647042 0.0990415 0.0945013 0.155878 0.854107 274
0 0.59345 0.543369 0.0258982 0.0589737 0.635857 299
0 0.879686 0.465484 0.0220634 0.0564444 0.6675 312
0 0.345408 0.23761 0.0649804 0.131798 0.611223 329
0 0.419286 0.241041 0.0520411 0.10165 0.662402 337
0 0.438884 0.750058 0.0253958 0.0771764 0.615248 58
0 0.469052 0.675611 0.0199571 0.0406462 0.718497 89
0 0.61741 0.67673 0.0181398 0.0456573 0.721939 370
0 0.468872 0.582508 0.0196562 0.0403829 0.546109 380
0 0.731915 0.0979657 0.0506451 0.0804559 0.639332 386
0 0.679486 0.722235 0.0200771 0.0551631 0.430868 387
0 0.464641 0.630804 0.0192337 0.0401751 0.558297 54
0 0.392379 0.795317 0.027572 0.0647548 0.496614 83
0 0.425993 0.673407 0.045449 0.0742578 0.327287 114
0 0.396857 0.7326 0.0208336 0.0516129 0.578375 424
0 0.0580749 0.645629 0.0290181 0.0891032 0.420054 434
0 0.522665 0.610179 0.0709654 0.144403 0.776654 3
0 0.597015 0.777803 0.0290921 0.0697852 0.55597 127
0 0.615557 0.863224 0.0238296 0.063122 0.671684 86
0 0.699961 0.39321 0.0276786 0.0693917 0.618511 101
0 0.337846 0.610782 0.0162991 0.0466574 0.568429 170
0 0.612054 0.492994 0.0183377 0.0449215 0.774014 448
0 0.587539 0.612798 0.0220554 0.0536304 0.401404 455
0 0.739492 0.37951 0.0193156 0.0544933 0.730108 456
0 0.375757 0.580699 0.0485644 0.100309 0.39668 465
0 0.195416 0.759161 0.0205735 0.0631451 0.542737 470
0 0.120807 0.421038 0.0226769 0.0584749 0.584144 480
0 0.561612 0.67184 0.0187956 0.0497905 0.727928 140
0 0.758754 0.515841 0.0715443 0.107924 0.796407 92
0 0.569023 0.731125 0.0223217 0.0615457 0.450304 139
0 0.517888 0.781809 0.022192 0.0445569 0.313808 507
0 0.459356 0.202251 0.0204073 0.0486572 0.628285 514
0 0.815999 0.398969 0.017743 0.0440761 0.750424 521
0 0.649969 0.542404 0.0545017 0.111023 0.650826 523
0 0.547704 0.781955 0.0184418 0.0421563 0.693773 533
0 0.549499 0.188187 0.0866159 0.146054 0.803897 31
0 0.780759 0.403322 0.0328578 0.0694944 0.459914 269
0 0.40484 0.618415 0.0211488 0.0574976 0.570348 556
0 0.458316 0.410061 0.0742678 0.191741 0.758025 562
0 0.586949 0.262333 0.0576384 0.0927462 0.653256 563
0 0.708964 0.499668 0.0158533 0.038774 0.665578 582
0 0.96174 0.533054 0.0765199 0.181193 0.811408 594
0 0.611325 0.315277 0.0224755 0.05853 0.739834 225
0 0.579654 0.466578 0.0420247 0.0732629 0.422422 27
0 0.843252 0.363869 0.0236996 0.0562875 0.722869 272
0 0.496102 0.500241 0.0192937 0.0497217 0.709846 600
0 0.812069 0.337791 0.0180734 0.0474998 0.669668 601
0 0.518054 0.393453 0.0233403 0.0474668 0.603774 603
0 0.218514 0.1866 0.100956 0.170932 0.780624 604
0 0.503428 0.902147 0.0164487 0.0509913 0.693921 614
0 0.906317 0.378017 0.0169859 0.0392269 0.744543 620
0 0.278768 0.373022 0.0381676 0.0595478 0.553232 624
0 0.501379 0.104819 0.0532611 0.118599 0.660677 625
0 0.508434 0.330406 0.0186677 0.0620591 0.489317 627
0 0.22383 0.535178 0.0222412 0.0605141 0.477991 628
0 0.45366 0.152786 0.017021 0.0397079 0.654588 630
0 0.561971 0.376328 0.0473038 0.0917949 0.576784 14
0 0.850087 0.235692 0.102076 0.120634 0.829479 249
0 0.917005 0.415762 0.0201897 0.0427193 0.73315 656
0 0.14664 0.342373 0.0191202 0.055234 0.682977 670
0 0.24059 0.423759 0.0260961 0.0749478 0.340891 673
0 0.91153 0.46607 0.0156219 0.0384415 0.731891 674
0 0.0872452 0.369271 0.0185434 0.058111 0.661149 675
0 0.52954 0.342145 0.019984 0.0386879 0.531865 682
0 0.171382 0.402213 0.0445964 0.085104 0.637923 687
0 0.183168 0.620223 0.0212794 0.0582339 0.641959 691
0 0.378795 0.0798345 0.0425956 0.0929211 0.344367 692
0 0.530148 0.463563 0.0255046 0.0754876 0.505043 700
0 0.250417 0.595665 0.0197041 0.0614383 0.709487 221
0 0.835606 0.446998 0.0344862 0.0581723 0.443605 219
0 0.296277 0.518409 0.0389792 0.0821554 0.434528 476
0 0.444823 0.612161 0.0175426 0.0336818 0.636552 534
0 0.40484 0.122625 0.0176118 0.0424294 0.681311 704
0 0.305799 0.140639 0.0163605 0.0455421 0.703287 709
0 0.585899 0.0764207 0.0159639 0.0428528 0.717677 710
0 0.446704 0.103373 0.0189113 0.0478907 0.710406 711
0 0.386972 0.16044 0.0158349 0.0411809 0.651703 712
0 0.319305 0.0949467 0.0228965 0.0582043 0.60671 713
0 0.356507 0.734726 0.0184176 0.0443297 0.638403 714
0 0.259976 0.296455 0.0205591 0.0394181 0.629451 715
0 0.539798 0.287196 0.0144772 0.0318655 0.662126 716
0 0.544124 0.0772211 0.017435 0.0458762 0.665298 717
0 0.703948 0.564901 0.0174178 0.0426987 0.731615 718
0 0.266658 0.688495 0.0230216 0.060335 0.388795 724
0 0.228176 0.322558 0.0203052 0.0688644 0.553579 729
0 0.437711 0.314171 0.0137956 0.0387968 0.561453 732
0 0.289389 0.438196 0.0235588 0.0664439 0.555836 733
0 0.356965 0.654052 0.0170311 0.042671 0.600814 742
0 0.348317 0.695339 0.0167829 0.0334512 0.558596 758
0 0.250781 0.491493 0.0157154 0.0483755 0.614 765
0 0.895082 0.294573 0.0147828 0.0432974 0.349254 369
0 0.819843 0.702367 0.0201991 0.0457697 0.675203 373
0 0.548687 0.843146 0.0189862 0.0656621 0.570514 113
0 0.0872157 0.585953 0.0180793 0.0586572 0.508715 464
0 0.383133 0.362674 0.0637749 0.10422 0.656565 775
0 0.132189 0.481312 0.0203271 0.060871 0.586904 776
0 0.326749 0.723447 0.0170852 0.0561303 0.619533 777
0 0.935507 0.444761 0.0176478 0.039566 0.701833 780
0 0.986555 0.645215 0.0224423 0.0461183 0.492852 784
0 0.914605 0.593105 0.0231168 0.0491709 0.71259 785
0 0.215423 0.60296 0.0190582 0.0578574 0.589826 786
0 0.634338 0.722619 0.0211212 0.0500897 0.525542 789
0 0.531169 0.822484 0.0156133 0.0352075 0.472453 800
0 0.474342 0.256906 0.023143 0.0583072 0.450829 805
0 0.671764 0.218549 0.0765938 0.102693 0.583802 806
0 0.0719057 0.494813 0.0551999 0.115011 0.546186 807
0 0.954287 0.297711 0.080423 0.19103 0.768487 811
0 0.207422 0.404796 0.0135614 0.0429102 0.494775 819
0 0.764898 0.31174 0.0280231 0.0606727 0.536682 302
0 0.949474 0.616599 0.0136696 0.0368794 0.635721 72
0 0.90097 0.66111 0.0262946 0.0799213 0.576035 467
0 0.594851 0.718952 0.0172284 0.0424359 0.549229 105
0 0.403144 0.525858 0.0157386 0.0398419 0.717983 477
0 0.308915 0.293741 0.0117793 0.0349868 0.386712 327
0 0.278533 0.812064 0.0258585 0.0654141 0.650488 44
0 0.811813 0.484786 0.0154068 0.0417122 0.644037 228
0 0.777837 0.245517 0.0185912 0.0527847 0.698782 824
0 0.640563 0.322897 0.0138362 0.03367 0.753019 827
0 0.829966 0.109718 0.0975096 0.125074 0.643697 828
0 0.141531 0.2169 0.0239367 0.0600095 0.436796 829
0 0.342154 0.061649 0.016459 0.0392327 0.631578 830
0 0.451777 0.54931 0.0202054 0.0381681 0.674229 832
0 0.319531 0.336757 0.0213925 0.0571366 0.650928 833
0 0.851761 0.488095 0.0149163 0.0291282 0.391353 840
0 0.395194 0.672986 0.0142661 0.0346038 0.417702 845
0 0.701616 0.283113 0.0362247 0.0670325 0.515218 847
0 0.27367 0.74729 0.0170681 0.0441415 0.65164 848
0 0.179214 0.335402 0.0185655 0.042954 0.643732 850
0 0.310068 0.388043 0.0128171 0.0374684 0.597418 852
0 0.16002 0.532989 0.0118635 0.0462644 0.336313 854
0 0.476543 0.531664 0.0197989 0.0460152 0.43467 855
0 0.884666 0.334044 0.0465707 0.0738285 0.366532 861
0 0.963493 0.837479 0.0180488 0.0459044 0.62357 234
0 0.904023 0.1466 0.0175526 0.0462517 0.682677 865
0 0.628982 0.373245 0.0194985 0.0532397 0.666387 867
0 0.726573 0.455216 0.0242524 0.0584213 0.737623 868
0 0.603582 0.410796 0.0157776 0.0363743 0.747951 869
0 0.530926 0.0333157 0.0181586 0.0486123 0.688218 870
0 0.743238 0.0326278 0.0138053 0.0382983 0.578467 871
0 0.721485 0.0241027 0.0177421 0.0414106 0.763864 873
0 0.694342 0.147505 0.0152291 0.0401645 0.642039 874
0 0.45465 0.0328223 0.0779308 0.0586445 0.665647 875
0 0.570157 0.0292961 0.0323685 0.0521582 0.618642 877
0 0.219415 0.709003 0.0171518 0.0495161 0.468843 878
0 0.872038 0.15094 0.0154337 0.0405362 0.704333 879
0 0.856335 0.174083 0.0137905 0.0335152 0.580027 883
0 0.788313 0.342577 0.0159039 0.0373535 0.492086 884
0 0.753251 0.171742 0.0357146 0.0687321 0.493181 886
0 0.367492 0.138008 0.0237667 0.0517048 0.435788 887
0 0.674082 0.376795 0.0159273 0.0356836 0.582442 888
0 0.663129 0.834335 0.0264679 0.0591045 0.661873 56
0 0.232857 0.864489 0.0156158 0.0429143 0.52726 459
0 0.599301 0.373081 0.0137429 0.0327335 0.350002 721
0 0.79649 0.436472 0.0137596 0.0346431 0.427627 648
0 0.553134 0.324123 0.0123466 0.0339791 0.598978 768
0 0.433466 0.66548 0.0212202 0.0632212 0.318465 517
0 0.508938 0.794523 0.0353835 0.0729449 0.395339 727
0 0.37752 0.288038 0.0114502 0.037388 0.399908 744
