0 0.590831 0.478478 0.103303 0.148934 0.749165 274
0 0.444823 0.305027 0.0585584 0.0889956 0.853455 312
0 0.678731 0.428939 0.0583705 0.117994 0.405127 386
0 0.640614 0.811368 0.0285852 0.0778884 0.674889 456
0 0.375492 0.723327 0.0200272 0.0649312 0.68637 514
0 0.442029 0.801099 0.0948337 0.188453 0.748545 31
0 0.68714 0.798393 0.0370257 0.0784736 0.478105 269
0 0.479594 0.87688 0.0472224 0.111163 0.36293 563
0 0.890023 0.812047 0.0876482 0.123878 0.516266 594
0 0.756538 0.701476 0.0225591 0.0665111 0.487821 272
0 0.725209 0.709043 0.0189063 0.0555849 0.634701 601
0 0.668774 0.125218 0.0137626 0.0373261 0.764968 604
0 0.834097 0.704778 0.0200587 0.0457114 0.62575 620
0 0.766041 0.588546 0.103168 0.149661 0.810446 249
0 0.843021 0.750303 0.0191906 0.0443598 0.33372 656
0 0.3051 0.660982 0.0500922 0.118841 0.497713 692
0 0.755021 0.801883 0.0279941 0.0779376 0.638436 219
0 0.377135 0.587109 0.0257943 0.0748716 0.596326 711
0 0.50047 0.531066 0.0210735 0.0611273 0.619969 717
0 0.817255 0.597723 0.0197678 0.038629 0.520155 369
0 0.869505 0.724677 0.0142186 0.0318215 0.528425 780
0 0.559475 0.633947 0.116091 0.168929 0.756762 806
0 0.915081 0.561282 0.14928 0.24091 0.782577 811
0 0.676947 0.69172 0.0332276 0.0835876 0.481054 302
0 0.689729 0.606255 0.0277402 0.0646285 0.491538 824
0 0.778542 0.406755 0.0190681 0.0626368 0.662302 828
0 0.616856 0.708181 0.0454698 0.107882 0.420617 847
0 0.811726 0.642585 0.0360056 0.0805549 0.415798 861
0 0.837765 0.428342 0.0556149 0.100734 0.595194 865
0 0.473532 0.50002 0.0220296 0.0598943 0.650931 870
0 0.665469 0.343708 0.021273 0.0504435 0.68213 873
0 0.652906 0.525842 0.0185717 0.0510283 0.686704 874
0 0.405917 0.480002 0.0896601 0.149806 0.77361 875
0 0.505581 0.420564 0.0376081 0.0903919 0.456307 877
0 0.792956 0.472346 0.0196256 0.0558272 0.661848 879
0 0.698267 0.495761 0.046599 0.0994773 0.47642 886
0 0.536014 0.869552 0.0186292 0.0667209 0.613324 901
0 0.23805 0.592505 0.016264 0.0558014 0.590038 902
0 0.713686 0.368107 0.019855 0.0457536 0.700847 909
0 0.653569 0.618937 0.0202979 0.0512698 0.369642 917
0 0.65943 0.661351 0.017724 0.0348583 0.581312 943
0 0.466528 0.441353 0.0157089 0.0464807 0.578709 945
0 0.832344 0.509804 0.016747 0.0451597 0.598698 906
0 0.565536 0.327737 0.0311184 0.0697546 0.378377 994
0 0.789608 0.242378 0.11331 0.229326 0.846357 174
0 0.0788516 0.569159 0.0551444 0.124189 0.400266 1027
0 0.486361 0.332988 0.05023 0.0930821 0.372785 1049
0 0.548069 0.406044 0.0187289 0.0483232 0.634952 1057
0 0.784488 0.73648 0.0184908 0.052203 0.704118 1064
0 0.90884 0.334106 0.0417331 0.0917327 0.562618 1065
0 0.203301 0.49472 0.0442803 0.0746341 0.479419 1066
0 0.181708 0.412264 0.0250079 0.0718471 0.505327 1087
0 0.148108 0.450167 0.0186535 0.0544964 0.472756 1119
0 0.649977 0.243064 0.028762 0.0629185 0.626664 1122
0 0.468786 0.0667583 0.0712601 0.0966167 0.684295 480
0 0.486009 0.211994 0.016951 0.0416173 0.60691 1143
0 0.737704 0.15401 0.0260596 0.0711717 0.499309 1153
0 0.618408 0.202953 0.018391 0.0529653 0.712431 1161
0 0.583534 0.270888 0.0293748 0.0681405 0.470328 1186
0 0.376782 0.2928 0.0690585 0.104843 0.69475 1195
0 0.663354 0.173625 0.0159693 0.0455185 0.701502 1198
0 0.30248 0.519367 0.103265 0.122358 0.817841 1202
0 0.740264 0.490727 0.0241719 0.0718485 0.685866 1204
0 0.879872 0.23347 0.0148807 0.0404811 0.691443 1205
0 0.151475 0.379371 0.0186676 0.0584387 0.474675 1221
0 0.967496 0.707268 0.0275925 0.0704219 0.743522 1239
0 0.530353 0.147266 0.0546267 0.0924016 0.643729 1247
0 0.55237 0.211403 0.0806078 0.100306 0.645633 93
0 0.767934 0.14322 0.0168304 0.0427294 0.529612 1254
0 0.246115 0.223483 0.0989584 0.124073 0.81519 1255
0 0.623096 0.0894293 0.0616936 0.130025 0.714389 1258
0 0.392044 0.190981 0.0193644 0.0481685 0.673232 1264
0 0.412128 0.14984 0.0199927 0.0525124 0.673952 1267
0 0.72252 0.105405 0.0163435 0.0349376 0.678942 1285
0 0.749548 0.104108 0.0151828 0.0284802 0.547677 1287
0 0.711276 0.144184 0.0205597 0.0464899 0.358273 1293
0 0.433243 0.195713 0.032908 0.0637255 0.43613 1304
0 0.483653 0.150411 0.0227145 0.0635191 0.534494 1312
0 0.858174 0.961812 0.0137453 0.0415088 0.375955 1320
0 0.11838 0.402528 0.0240477 0.07147 0.430925 1328
0 0.581766 0.14064 0.0160687 0.0408752 0.711242 1334
0 0.34738 0.435467 0.0206364 0.0626401 0.654089 1226
0 0.698458 0.0597795 0.0565332 0.105307 0.665027 1345
0 0.329188 0.117743 0.0180818 0.0477338 0.708166 1393
0 0.947199 0.276198 0.0157767 0.0487917 0.587498 1414
0 0.699649 0.23739 0.0238789 0.0593185 0.373189 1420
0 0.579627 0.0924776 0.0152574 0.0382098 0.615779 1425
0 0.769859 0.0951938 0.0159523 0.0382555 0.652876 1428
0 0.400331 0.0993724 0.0205516 0.0527989 0.646945 1429
0 0.745635 0.0597638 0.0177946 0.0499414 0.644144 1442
0 0.973704 0.429808 0.0176534 0.0382638 0.649027 1447
0 0.653579 0.308853 0.0146322 0.0312735 0.670296 1144
0 0.37302 0.223503 0.0164814 0.0411705 0.57401 1277
0 0.911187 0.704926 0.017625 0.0428015 0.440531 946
0 0.696134 0.292855 0.0456937 0.0631911 0.391495 1041
0 0.46397 0.231381 0.0264456 0.0510947 0.360992 1365
0 0.34684 0.241993 0.0149582 0.0476822 0.590264 1469
0 0.321666 0.187011 0.0184778 0.0529964 0.564126 1470
0 0.16525 0.312987 0.0154311 0.0508571 0.696414 1472
0 0.305841 0.409913 0.0370324 0.0704479 0.554908 1473
0 0.858231 0.250706 0.0163921 0.0362353 0.499964 1482
0 0.166651 0.71533 0.0245816 0.0875384 0.473595 778
0 0.693116 0.144598 0.0137065 0.0440023 0.423481 1199
0 0.365604 0.666063 0.0189623 0.0544797 0.71286 630
0 0.202009 0.339846 0.0133617 0.0465297 0.365314 1490
0 0.103423 0.67252 0.0705099 0.166966 0.717062 1496
0 0.340165 0.154604 0.014141 0.030465 0.360193 1498
0 0.229596 0.376462 0.0231107 0.0688058 0.568097 1266
0 0.843102 0.319325 0.0701977 0.0961916 0.348815 1032
0 0.641078 0.340318 0.0132277 0.0372929 0.591999 1431
0 0.888459 0.413157 0.0162132 0.0393609 0.62253 1514
0 0.591846 0.035009 0.0520064 0.0586439 0.660215 1515
0 0.988443 0.756961 0.018466 0.0497845 0.679259 1516
0 0.254992 0.311917 0.0169968 0.045137 0.518589 1518
0 0.178841 0.221542 0.0328812 0.0616076 0.418153 1521
0 0.266252 0.154154 0.0198254 0.0507579 0.617477 1525
0 0.182433 0.572477 0.0160242 0.0522377 0.565298 705
0 0.593428 0.805041 0.0283028 0.0847163 0.584567 101
0 0.726293 0.777194 0.0231122 0.0564604 0.738894 648
0 0.666074 0.560776 0.0173502 0.0484093 0.755314 1367
0 0.301518 0.143483 0.0152424 0.0413211 0.5373 1415
0 0.365659 0.0315564 0.066828 0.0631128 0.70321 907
0 0.436262 0.034814 0.0645303 0.06034 0.799291 1537
0 0.228681 0.450115 0.0169116 0.0525916 0.548233 1538
0 0.276892 0.619175 0.0157841 0.055883 0.499685 1541
0 0.821971 0.0993107 0.021406 0.0524365 0.540713 1552
0 0.0640563 0.477889 0.0171577 0.0607218 0.589648 1352
0 0.783159 0.885466 0.0190302 0.0583333 0.513995 1413
0 0.261452 0.414213 0.036245 0.0757263 0.348351 988
0 0.451341 0.619215 0.0798859 0.162929 0.593203 625
0 0.61946 0.33255 0.0129429 0.0313502 0.395664 1406
0 0.894262 0.724904 0.0152773 0.0294527 0.336127 1353
0 0.325329 0.311046 0.018419 0.0575577 0.653298 1056
0 0.929902 0.927066 0.0331865 0.0420921 0.45065 784
0 0.85309 0.705506 0.018978 0.033446 0.417287 1129
0 0.611266 0.937832 0.0229399 0.06619 0.577921 92
0 0.325694 0.791221 0.0193435 0.0752708 0.501678 919
0 0.623319 0.777993 0.0155636 0.0397222 0.456384 950
0 0.92643 0.664318 0.0187165 0.0450259 0.63304 1068
0 0.562172 0.784636 0.0195626 0.0632765 0.43542 1256
0 0.230591 0.808409 0.0163328 0.065375 0.493299 837
