0 0.823544 0.628956 0.117118 0.191643 0.852825 1
0 0.291354 0.435638 0.0213997 0.0542187 0.468141 2
0 0.403384 0.842373 0.0259953 0.0776751 0.691014 4
0 0.944953 0.613835 0.0850529 0.200212 0.789058 5
0 0.460033 0.231762 0.0412423 0.0908518 0.646104 6
0 0.719511 0.554667 0.0210011 0.0431937 0.561132 7
0 0.379211 0.431874 0.0817624 0.166069 0.7789 8
0 0.708743 0.24256 0.0646686 0.103255 0.484048 13
0 0.571679 0.52676 0.0429205 0.103989 0.740552 16
0 0.72255 0.486477 0.0217857 0.0650456 0.537432 18
0 0.752746 0.524099 0.0225437 0.0549734 0.732896 21
0 0.933892 0.752157 0.0302555 0.0543782 0.553519 23
0 0.644902 0.226274 0.0217118 0.0510414 0.60357 27
0 0.670398 0.538027 0.0219527 0.0606477 0.438007 29
0 0.558361 0.130771 0.179819 0.249451 0.788576 31
0 0.222291 0.517245 0.0227088 0.0817791 0.563245 33
0 0.240137 0.604234 0.0561034 0.0970425 0.616022 38
0 0.350684 0.607463 0.025373 0.0644623 0.675444 44
0 0.728821 0.618055 0.0243453 0.0653382 0.465365 45
0 0.905789 0.507596 0.0205276 0.0449442 0.740291 47
0 0.50736 0.617053 0.0216081 0.0467729 0.573384 48
0 0.508582 0.490544 0.0213465 0.0421363 0.348399 50
0 0.704887 0.672558 0.0170647 0.0454367 0.698184 56
0 0.769472 0.393266 0.0303671 0.0583792 0.323446 59
0 0.897849 0.445016 0.026395 0.0640981 0.653131 60
0 0.83445 0.421366 0.0951947 0.157318 0.805244 63
0 0.193824 0.604952 0.0193776 0.0735699 0.484127 64
0 0.355266 0.23766 0.0259303 0.0635839 0.562179 68
0 0.760665 0.146369 0.0161639 0.0426387 0.679967 76
0 0.275225 0.487648 0.0202934 0.056887 0.53394 77
0 0.927249 0.345305 0.0607632 0.0912821 0.587726 80
0 0.822693 0.281281 0.0414379 0.0870397 0.485279 92
0 0.721026 0.395321 0.0241219 0.0644827 0.644597 95
0 0.540199 0.408703 0.0497367 0.0938289 0.725465 98
0 0.667081 0.420318 0.0193394 0.0335503 0.6353 102
0 0.446315 0.668699 0.0396666 0.0900663 0.527828 109
0 0.484342 0.703945 0.0237138 0.0509304 0.556534 111
0 0.412458 0.348159 0.0581793 0.0869443 0.792039 119
0 0.764766 0.319233 0.0436619 0.0792938 0.480112 121
0 0.174858 0.242506 0.0873753 0.180188 0.806539 128
0 0.63606 0.452795 0.0434691 0.0607245 0.564154 139
0 0.900579 0.794789 0.0158781 0.0454446 0.745913 154
0 0.279375 0.175099 0.115662 0.263464 0.671621 156
0 0.949185 0.430296 0.0465981 0.0825715 0.481434 163
0 0.237675 0.822093 0.0148911 0.0509376 0.559149 106
0 0.504626 0.550795 0.0242232 0.0631467 0.546981 174
0 0.98618 0.653872 0.0241547 0.101474 0.532054 185
0 0.448506 0.549733 0.0364135 0.0753375 0.59295 189
0 0.332835 0.858204 0.0262791 0.0815141 0.639391 10
0 0.913173 0.283021 0.0193472 0.0441495 0.63522 219
0 0.670597 0.140262 0.0140732 0.0425174 0.514672 225
0 0.903736 0.244389 0.0170175 0.0354563 0.644056 230
0 0.984377 0.756328 0.0299979 0.0996255 0.486372 234
0 0.297028 0.591537 0.0223682 0.068047 0.729205 236
0 0.524522 0.711493 0.0410138 0.0917732 0.571157 19
0 0.149279 0.531222 0.0760771 0.1328 0.307955 71
0 0.639563 0.678515 0.016148 0.0417534 0.571866 82
0 0.457109 0.77493 0.0214503 0.0668671 0.536701 243
0 0.895275 0.184421 0.070644 0.0933082 0.687876 249
0 0.880657 0.292892 0.0173878 0.0348601 0.536979 260
0 0.62676 0.54471 0.0202842 0.0513676 0.51571 113
0 0.0835625 0.732303 0.0160754 0.0679639 0.559357 131
0 0.835884 0.198753 0.0180511 0.0478804 0.754223 269
0 0.925316 0.232244 0.0176443 0.0421216 0.66268 272
0 0.750976 0.0757723 0.145534 0.139602 0.760043 274
0 0.106936 0.412369 0.0500433 0.10083 0.533031 275
0 0.976395 0.345266 0.0186308 0.04696 0.498342 294
0 0.633914 0.323555 0.0219186 0.051651 0.688963 299
0 0.791126 0.140039 0.0225546 0.0546308 0.604793 302
0 0.101455 0.659031 0.0196735 0.0715838 0.46116 126
0 0.283625 0.542745 0.0220901 0.0608528 0.742284 17
0 0.874574 0.883016 0.0275321 0.0614494 0.665226 32
0 0.970494 0.487403 0.0149669 0.0424539 0.600192 72
0 0.946082 0.265379 0.0160846 0.0405017 0.748607 312
0 0.327785 0.0514147 0.0174822 0.050815 0.693685 327
0 0.375983 0.0419973 0.0506797 0.0753084 0.713173 329
0 0.212716 0.346667 0.0231467 0.0601955 0.703757 331
0 0.433614 0.0424345 0.0429908 0.077352 0.548503 337
0 0.564509 0.890535 0.0153436 0.0443998 0.679267 343
0 0.604431 0.607683 0.0219343 0.0396501 0.604698 344
0 0.50024 0.407633 0.0285189 0.107286 0.532087 58
0 0.494108 0.795428 0.0200105 0.0663442 0.487329 74
0 0.589525 0.843058 0.0253099 0.0827245 0.631445 75
0 0.531564 0.367735 0.0265454 0.0974595 0.661548 89
0 0.338082 0.676766 0.0813207 0.174072 0.748527 46
0 0.834858 0.515651 0.0121384 0.0394052 0.330304 84
0 0.869408 0.84053 0.0150842 0.0358866 0.537063 40
0 0.762486 0.793289 0.0531799 0.0962273 0.615132 78
0 0.530382 0.336787 0.0207072 0.0472039 0.537269 54
0 0.651352 0.575824 0.0162086 0.0368126 0.488533 57
0 0.204062 0.728205 0.0226039 0.0737137 0.586813 34
0 0.760537 0.575316 0.0153615 0.0310088 0.582649 117
0 0.192022 0.409986 0.0217216 0.0554597 0.479167 204
0 0.669865 0.45452 0.0148823 0.0305038 0.481071 105
0 0.939875 0.867118 0.0163806 0.0429485 0.52592 73
0 0.441102 0.428776 0.0230642 0.0595756 0.627659 83
0 0.764996 0.855672 0.0348782 0.0778808 0.66653 149
0 0.48749 0.347395 0.0272696 0.0664011 0.482546 114
