0 0.832953 0.593809 0.12402 0.179511 0.854417 1
0 0.274896 0.343819 0.0849482 0.103577 0.575017 2
0 0.412102 0.762791 0.0300557 0.0776706 0.501218 4
0 0.954528 0.57729 0.0802473 0.22571 0.746606 5
0 0.450402 0.223879 0.0786242 0.150503 0.676006 6
0 0.721249 0.506883 0.0192397 0.0608827 0.565873 7
0 0.378345 0.365302 0.0603975 0.108342 0.44147 8
0 0.434672 0.449406 0.0171329 0.0497128 0.640837 9
0 0.717338 0.22095 0.0742699 0.154097 0.662468 13
0 0.626726 0.243584 0.0229381 0.0684392 0.733152 14
0 0.574986 0.496438 0.0851337 0.165106 0.800972 16
0 0.730865 0.433909 0.0202792 0.0582623 0.614551 18
0 0.761412 0.472586 0.0249794 0.0680426 0.77352 21
0 0.293996 0.0321222 0.0858184 0.0642444 0.809698 22
0 0.940967 0.725657 0.0271513 0.05407 0.662515 23
0 0.928662 0.832632 0.0318737 0.0491337 0.393627 26
0 0.659681 0.180457 0.0197364 0.0510382 0.793887 27
0 0.358465 0.443651 0.0163956 0.053769 0.620212 28
0 0.676712 0.492128 0.0363103 0.0897323 0.442804 29
0 0.6134 0.620764 0.0348142 0.0923831 0.617179 30
0 0.566244 0.114712 0.175823 0.21067 0.822462 31
0 0.238205 0.430125 0.0222593 0.0707368 0.449767 33
0 0.251704 0.520378 0.0560091 0.101475 0.549707 38
0 0.375236 0.515072 0.0274232 0.0755575 0.651415 44
0 0.757944 0.563973 0.0231776 0.0563904 0.377209 45
0 0.926457 0.465708 0.0233203 0.0490633 0.64682 47
0 0.517535 0.54589 0.014641 0.0378903 0.321368 48
0 0.502245 0.447216 0.0234895 0.0555527 0.648268 50
0 0.710935 0.64129 0.0322143 0.0944182 0.373021 56
0 0.770918 0.360484 0.0515438 0.0836912 0.635644 59
0 0.910463 0.40697 0.0274572 0.065268 0.640259 60
0 0.84083 0.399266 0.101794 0.1398 0.818612 63
0 0.207299 0.520024 0.0169394 0.0634438 0.428167 64
0 0.358382 0.20171 0.0237997 0.063151 0.495722 68
0 0.762688 0.120079 0.016137 0.0474569 0.704637 76
0 0.290489 0.41005 0.0186214 0.0484026 0.677996 77
0 0.939013 0.304198 0.0652628 0.106373 0.66979 80
0 0.435481 0.359106 0.01756 0.0573516 0.724925 83
0 0.829793 0.253059 0.0492065 0.0850764 0.53776 92
0 0.711499 0.350974 0.0255869 0.0674582 0.463318 95
0 0.526556 0.327147 0.0983688 0.166762 0.671538 98
0 0.691711 0.134094 0.0160291 0.0379969 0.704549 101
0 0.673899 0.395543 0.0157294 0.0345906 0.578182 102
0 0.449142 0.595827 0.038169 0.0856983 0.36612 109
0 0.499743 0.643164 0.0224807 0.0652992 0.654638 111
0 0.206311 0.740268 0.0194392 0.0594768 0.489869 112
0 0.460617 0.833926 0.0181007 0.0529942 0.483962 119
0 0.766787 0.278803 0.0433343 0.0802517 0.549804 121
0 0.720429 0.824611 0.0201324 0.070119 0.613611 123
0 0.183867 0.208993 0.0817754 0.152971 0.769547 128
0 0.659902 0.367085 0.0332227 0.0710072 0.491583 139
0 0.78597 0.792886 0.0677869 0.12653 0.393194 149
0 0.902608 0.766575 0.0206868 0.0569981 0.667492 154
0 0.287556 0.121952 0.116507 0.187345 0.838781 156
0 0.959388 0.396822 0.046919 0.0880789 0.672951 163
0 0.387693 0.213062 0.0194056 0.039742 0.721749 170
0 0.247626 0.740516 0.0188434 0.0645607 0.460253 106
0 0.509666 0.496066 0.0181704 0.0413256 0.51279 174
0 0.990355 0.619013 0.0169158 0.0773733 0.43453 185
0 0.459501 0.483058 0.0218848 0.0616306 0.406317 189
0 0.153137 0.598485 0.0381344 0.0769894 0.445894 110
0 0.357365 0.733093 0.0196632 0.0741972 0.466235 10
0 0.454877 0.778931 0.0245744 0.0783766 0.521558 208
0 0.31334 0.693582 0.0201077 0.0600316 0.710122 209
0 0.480332 0.728139 0.0216523 0.0564903 0.454836 215
0 0.921288 0.258424 0.020282 0.0485114 0.627076 219
0 0.307963 0.250285 0.0278632 0.0525476 0.449818 221
0 0.675094 0.106952 0.0169492 0.0448878 0.565701 225
0 0.87365 0.263987 0.0138675 0.0380243 0.322982 228
0 0.912653 0.218131 0.0148232 0.0334325 0.505402 230
0 0.981742 0.738879 0.0353514 0.104063 0.631484 234
0 0.309123 0.514289 0.0147383 0.0451993 0.301993 236
0 0.544509 0.651174 0.0336341 0.0802244 0.471347 19
0 0.16063 0.464459 0.0728006 0.110005 0.72587 71
0 0.510581 0.718208 0.0123718 0.043076 0.329853 93
0 0.644452 0.600849 0.0172191 0.0542356 0.632462 82
0 0.467996 0.662973 0.0172273 0.0471577 0.620377 243
0 0.893841 0.163303 0.0578749 0.0865489 0.633713 249
0 0.890317 0.265174 0.0131517 0.0401049 0.572302 260
0 0.264529 0.429568 0.0140208 0.0482408 0.627416 265
0 0.63053 0.504883 0.022681 0.0587036 0.63842 113
0 0.86018 0.805895 0.0160328 0.0457634 0.63781 12
0 0.110934 0.761994 0.0152302 0.0478477 0.457772 85
0 0.0864329 0.633861 0.0163917 0.061113 0.436681 131
0 0.491611 0.294025 0.0182842 0.0539548 0.306817 114
0 0.1074 0.58456 0.0191333 0.0581307 0.534305 126
0 0.434497 0.527884 0.0190464 0.0445901 0.766975 125
0 0.127501 0.53361 0.0173852 0.0602049 0.485165 43
0 0.297839 0.465046 0.0182274 0.0538387 0.696973 17
0 0.876277 0.841471 0.0255289 0.0620552 0.606963 32
0 0.977489 0.454566 0.0143394 0.0407247 0.527286 72
0 0.912449 0.935245 0.0234561 0.0443803 0.375517 97
